date,code,open,high,low,close,volume,amount
2023-01-03,sz.300761,17.56342588,17.76041826,17.16944112,17.58416192,3640462,122729868.45
2023-01-04,sz.300761,17.52713781,17.93149059,17.3664335,17.8329944,3547379,121509960.74
2023-01-05,sz.300761,17.82262638,18.08182688,17.68265811,17.97296267,5705003,197572192.88
2023-01-06,sz.300761,17.93149059,18.19069109,17.69821014,18.10774693,3304574,114751716.11
2023-01-09,sz.300761,18.03517079,18.96310858,18.00406673,18.8697964,5932295,213686655.98
2023-01-10,sz.300761,18.79722026,19.42448547,18.5069157,19.17046898,6210312,228871338.22
2023-01-11,sz.300761,19.17046898,19.61629384,18.9216365,19.26896517,3751937,140026309.75
2023-01-12,sz.300761,19.32598928,19.38301339,19.08752482,19.2326771,2308609,85772943.12
2023-01-13,sz.300761,19.3363573,20.09322276,19.180837,19.67331795,3597169,137215672.8
2023-01-16,sz.300761,19.87549434,20.15024687,19.3363573,19.93251845,3897348,148798767.29
2023-01-17,sz.300761,19.67850196,20.03619865,19.58518978,19.82883825,2386448,91198332.4
2023-01-18,sz.300761,19.80810221,20.0102786,19.61110983,19.7510781,1968994,75190890.45
2023-01-19,sz.300761,19.78218216,19.98435855,19.49706161,19.83402226,1693880,64888508.62
2023-01-20,sz.300761,19.79255018,20.1657989,19.45040552,19.70442201,1837403,69852386.31
2023-01-30,sz.300761,19.94288647,20.0621187,18.99939665,19.4400375,4984200,186580599.44
2023-01-31,sz.300761,19.4400375,20.41463138,19.31562126,19.55926973,3965694,151408535.35
2023-02-01,sz.300761,19.47632557,20.03101464,19.35190933,19.72515805,2960767,112436160.88
2023-02-02,sz.300761,19.8547583,19.92733444,19.5955578,19.84957429,1984087,75727690.05
2023-02-03,sz.300761,19.71997404,20.0621187,19.44522151,19.5437177,2178064,82512718.45
2023-02-06,sz.300761,19.3881974,19.68368597,19.20675705,19.4918776,2423600,90830206.94
2023-02-07,sz.300761,19.5955578,19.67850196,19.28970121,19.60592582,2123280,79842822.62
2023-02-08,sz.300761,19.58518978,19.69405399,19.39338141,19.50742963,1509724,56931409.2
2023-02-09,sz.300761,19.48669359,19.71479003,19.39856542,19.63702988,1922847,72565733.77
2023-02-10,sz.300761,19.8029182,19.90141439,19.46595755,19.67850196,1809449,68774038.57
2023-02-13,sz.300761,19.6473979,19.90141439,19.45558953,19.52298166,2131197,80671384.34
2023-02-14,sz.300761,19.60592582,19.81847023,19.2845172,19.57482176,2191500,82883947.0
2023-02-15,sz.300761,19.57482176,19.62147785,19.17565299,19.32080527,1600026,59634322.02
2023-02-16,sz.300761,19.32080527,19.52298166,18.7661162,18.94755655,1570201,58335567.08
2023-02-17,sz.300761,18.95792457,19.180837,18.68317204,18.72982813,1733817,63129898.07
2023-02-20,sz.300761,18.21661114,18.81277229,17.86409846,18.72982813,4570822,161870459.09
2023-02-21,sz.300761,18.63651595,19.05123675,18.48099565,19.00976467,2960104,107550356.34
2023-02-22,sz.300761,18.9734766,19.8029182,18.89053244,19.30006923,5069034,189558020.49
2023-02-23,sz.300761,19.27933319,19.90141439,19.19120502,19.66294993,4357972,165502640.21
2023-02-24,sz.300761,19.66813394,20.03619865,19.58518978,19.72515805,2699673,102817352.85
2023-02-27,sz.300761,19.74071008,20.0102786,19.51779765,19.64221389,1855562,70449884.57
2023-02-28,sz.300761,19.55408572,20.10359078,19.55408572,20.07248672,2357813,90413121.24
2023-03-01,sz.300761,20.07248672,20.29539915,19.73552607,20.06730271,2629886,101883530.3
2023-03-02,sz.300761,19.96880652,20.68938391,19.88067835,20.53904762,3847777,151654132.25
2023-03-03,sz.300761,20.6841999,20.97450446,20.24874306,20.36797529,2666701,105535186.92
2023-03-06,sz.300761,20.36797529,21.10410471,20.2694791,20.82416817,3649950,146741853.11
2023-03-07,sz.300761,20.90192832,21.69508185,20.8397202,21.18186486,4499226,184588560.83
2023-03-08,sz.300761,21.06781664,21.5136415,20.84490421,21.01079253,2101665,85336139.78
2023-03-09,sz.300761,21.01597654,21.59140165,20.6323598,21.0470806,2208957,89514208.96
2023-03-10,sz.300761,21.07818466,21.07818466,20.55978366,20.6841999,1321287,52890135.52
2023-03-13,sz.300761,20.57533569,20.91748035,20.57533569,20.74122401,1807952,72370277.88
2023-03-14,sz.300761,20.85527223,20.93821639,20.0621187,20.29021514,3461135,135753405.39
2023-03-15,sz.300761,20.31095118,20.70493594,20.19171895,20.2694791,1418189,55589199.65
2023-03-16,sz.300761,20.10359078,20.15024687,19.72515805,19.81847023,1811802,69561953.57
2023-03-17,sz.300761,19.81847023,20.0102786,19.71479003,19.72515805,1561655,59703047.32
2023-03-20,sz.300761,20.10877479,20.1657989,19.40893344,19.50742963,2429924,91619295.3
2023-03-21,sz.300761,19.41930146,19.48150958,19.31043725,19.40374943,2181534,81613297.63
2023-03-22,sz.300761,19.43485349,19.53334968,19.21712507,19.30006923,1734643,64799800.46
2023-03-23,sz.300761,19.2326771,19.36227735,18.8697964,19.09789284,2025766,74478987.73
2023-03-24,sz.300761,18.98384462,19.36746136,18.9734766,19.11862888,1714799,63525923.36
2023-03-27,sz.300761,19.05642076,19.8547583,18.68835605,19.50224562,4707616,175691577.72
2023-03-28,sz.300761,19.37264537,20.93303238,19.37264537,20.76196005,6476209,254117409.48
2023-03-29,sz.300761,20.51312757,20.76196005,19.9584385,20.3731593,3398787,132902094.92
2023-03-30,sz.300761,20.31095118,20.92266436,20.17616692,20.74122401,3678765,146184745.32
2023-03-31,sz.300761,20.9434004,21.5136415,20.43018341,20.52349559,4603241,185388589.66
2023-04-03,sz.300761,20.38871133,21.4618014,20.34723925,21.0989207,4883177,197623348.67
2023-04-04,sz.300761,21.10410471,22.52970746,21.10410471,22.01130646,5996495,254519507.58
2023-04-06,sz.300761,22.01130646,22.36900315,21.20778491,21.94391433,3956247,165870329.75
2023-04-07,sz.300761,21.71063388,21.85060215,21.4099613,21.67434581,2377710,99228593.0
2023-04-10,sz.300761,21.78839403,22.0838826,21.22852095,21.37367323,2587708,107344169.72
2023-04-11,sz.300761,21.47735343,21.48772145,20.8397202,21.2026009,1705100,69829540.0
2023-04-12,sz.300761,21.19223288,21.24925699,20.58570371,20.81380015,2444861,98011587.02
2023-04-13,sz.300761,20.76196005,20.87600827,20.4249994,20.79306411,2139299,85374269.54
2023-04-14,sz.300761,20.79306411,20.82416817,20.3213192,20.54423163,1648900,65466216.0
2023-04-17,sz.300761,20.54423163,20.75677604,20.34205524,20.66864787,1631436,64805912.63
2023-04-18,sz.300761,20.67383188,21.03671258,20.29539915,20.76196005,2124491,84778787.35
2023-04-19,sz.300761,20.76196005,20.96413644,20.35242326,20.39389534,1750583,69429557.82
2023-04-20,sz.300761,20.39389534,20.66864787,20.23319103,20.4768395,1284466,50643744.72
2023-04-21,sz.300761,20.58570371,21.39440927,20.46647148,21.01079253,3542129,142757171.76
2023-04-24,sz.300761,19.699238,21.07300065,17.63600202,19.96362251,6448918,245789543.27
2023-04-25,sz.300761,20.40426336,20.9952405,19.699238,20.93303238,3956953,155599384.78
2023-04-26,sz.300761,20.74122401,20.8915603,20.38352732,20.45091945,1650174,65597094.24
2023-04-27,sz.300761,20.3731593,20.58570371,19.85994231,20.3213192,1410891,55009597.94
2023-04-28,sz.300761,20.16061489,20.73604,19.62147785,19.93251845,1405930,54096257.39
2023-05-04,sz.300761,19.70442201,20.13987885,19.56445374,19.65258191,1266146,48351710.46
2023-05-05,sz.300761,19.52298166,19.59037379,18.98384462,19.0771568,1410436,52121743.06
2023-05-08,sz.300761,19.180837,19.32598928,18.84387635,18.86461239,1259124,46257482.47
2023-05-09,sz.300761,18.87498041,19.58518978,18.66762001,19.32598928,1415396,52484820.32
2023-05-10,sz.300761,19.26896517,19.43485349,18.76093219,18.76093219,1038700,38066399.81
2023-05-11,sz.300761,18.88016442,19.10826086,18.6105959,18.70909209,612200,22138273.0
2023-05-12,sz.300761,18.79203625,18.79722026,18.4032355,18.4032355,957080,34247890.29
2023-05-15,sz.300761,18.4032355,18.49654768,18.11293094,18.16477104,1225862,43111345.38
2023-05-16,sz.300761,18.38249946,18.65725199,18.21142713,18.51728372,759313,27036781.37
2023-05-17,sz.300761,18.51209971,18.51209971,18.1958751,18.30473931,818634,28937703.2
2023-05-18,sz.300761,18.2477152,18.50173169,18.11293094,18.144035,1004590,35356644.06
2023-05-19,sz.300761,18.144035,18.34102738,17.96259465,18.31510733,793636,27770872.94
2023-05-22,sz.300761,18.30473931,18.48617966,18.20105911,18.46025961,1037861,36798802.31
2023-05-23,sz.300761,18.49844256,18.851612,17.91619024,18.35526576,2424397,47082226.99
2023-05-24,sz.300761,18.52707792,18.95660832,18.29799504,18.68934496,2864569,56090881.15
2023-05-25,sz.300761,18.73707056,18.7561608,18.0402768,18.30754016,1727435,33147535.18
2023-05-26,sz.300761,18.35526576,18.8993376,18.17390848,18.81343152,1667540,32613112.32
2023-05-29,sz.300761,18.82297664,19.12842048,18.2311792,18.38390112,1823674,35421505.93
2023-05-30,sz.300761,18.3266304,18.62252912,17.95437072,18.47935232,2245391,42900980.74
2023-05-31,sz.300761,18.47935232,18.68934496,18.12618288,18.58434864,2189485,42390774.85
2023-06-01,sz.300761,18.50798768,19.07114976,18.43162672,18.87070224,1636702,32364695.08
2023-06-02,sz.300761,18.92797296,19.06160464,18.57480352,18.7084352,1403271,27526746.8
2023-06-05,sz.300761,18.6607096,18.6607096,18.19299872,18.47935232,1744549,33730497.46
2023-06-06,sz.300761,18.47935232,18.76570592,18.2789048,18.36481088,1730504,33507520.25
2023-06-07,sz.300761,18.50798768,18.52707792,17.9448256,18.03073168,2258092,42907993.12
2023-06-08,sz.300761,18.22163408,18.9947888,17.9448256,18.6607096,3078093,60099255.47
2023-06-09,sz.300761,18.5652584,18.6607096,18.09754752,18.31708528,1715241,32943173.27
2023-06-12,sz.300761,18.31708528,18.50798768,17.91619024,18.20254384,2343173,44492991.52
2023-06-13,sz.300761,18.24072432,18.41253648,18.10709264,18.20254384,969356,18526393.89
2023-06-14,sz.300761,18.3266304,18.3266304,17.92573536,18.07845728,1174565,22201673.4
2023-06-15,sz.300761,18.03073168,18.12618288,17.44847936,17.9448256,2571260,47775698.61
2023-06-16,sz.300761,17.86846464,18.55571328,17.76346832,18.33617552,2057920,39365758.46
2023-06-19,sz.300761,18.25981456,18.612984,18.02118656,18.06891216,1799763,34341896.62
2023-06-20,sz.300761,18.20254384,18.20254384,17.90664512,17.91619024,975363,18375795.21
2023-06-21,sz.300761,17.9448256,18.01164144,17.73483296,17.77301344,1586585,29656237.46
2023-06-26,sz.300761,17.74437808,17.88755488,17.20985136,17.50575008,1586910,29047528.56
2023-06-27,sz.300761,17.55347568,17.98300608,17.36257328,17.52484032,1657058,30548647.25
2023-06-28,sz.300761,17.43893424,17.48665984,17.1334904,17.28621232,1539780,27899868.64
2023-06-29,sz.300761,17.28621232,17.63938176,17.25757696,17.41029888,1341111,24497532.98
2023-06-30,sz.300761,17.47711472,17.74437808,17.41029888,17.59165616,1960380,36135845.48
2023-07-03,sz.300761,17.62983664,17.97346096,17.50575008,17.93528048,2124970,39611216.3
2023-07-04,sz.300761,17.86846464,17.93528048,17.50575008,17.58211104,1234804,22773358.65
2023-07-05,sz.300761,17.58211104,17.58211104,17.3721184,17.44847936,817953,14952098.22
2023-07-06,sz.300761,17.44847936,17.81119392,17.38166352,17.4675696,1719707,31622829.03
2023-07-07,sz.300761,17.3721184,17.9925512,17.29575744,17.79210368,2048844,38086029.68
2023-07-10,sz.300761,17.8493744,18.25981456,17.67756224,18.00209632,2466836,46571312.35
2023-07-11,sz.300761,18.09754752,18.20254384,17.63938176,17.86846464,1467041,27455304.02
2023-07-12,sz.300761,17.83982928,18.07845728,17.8016488,17.95437072,1171120,22027847.62
2023-07-13,sz.300761,18.00209632,18.07845728,17.85891952,17.90664512,1067460,20055503.2
2023-07-14,sz.300761,17.91619024,17.9925512,17.72528784,17.77301344,828396,15454436.68
2023-07-17,sz.300761,17.68710736,18.0880024,17.49620496,18.03073168,1289500,24272091.2
2023-07-18,sz.300761,17.9448256,18.30754016,17.83982928,18.25026944,1837309,34991597.79
2023-07-19,sz.300761,18.21208896,18.26935968,17.9448256,18.16436336,1137648,21558969.35
2023-07-20,sz.300761,18.16436336,18.26935968,18.0402768,18.10709264,1098944,20892019.26
2023-07-21,sz.300761,18.02118656,18.47935232,18.02118656,18.374356,1689731,32526378.76
2023-07-24,sz.300761,18.38390112,18.5652584,17.91619024,17.9448256,1966854,37178085.52
2023-07-25,sz.300761,18.02118656,18.10709264,17.71574272,17.9925512,2148200,40306017.2
2023-07-26,sz.300761,18.05936704,18.20254384,17.83028416,18.1834536,1697865,32107179.25
2023-07-27,sz.300761,18.0402768,18.48889744,18.03073168,18.31708528,1556782,29892263.8
2023-07-28,sz.300761,18.2311792,18.84206688,18.1834536,18.69889008,1942724,37841999.92
2023-07-31,sz.300761,18.81343152,19.33841312,18.54616816,18.97569856,4278991,84789911.09
2023-08-01,sz.300761,18.97569856,19.07114976,18.58434864,18.64161936,1669491,32827176.93
2023-08-02,sz.300761,18.84206688,18.84206688,18.28844992,18.46026208,1790460,34610823.18
2023-08-03,sz.300761,18.55571328,18.65116448,18.26935968,18.40299136,2424469,46808339.94
2023-08-04,sz.300761,18.40299136,18.4698072,17.54393056,17.63938176,4992602,93455168.71
2023-08-07,sz.300761,17.93528048,18.10709264,17.6107464,17.76346832,4336886,80844540.56
2023-08-08,sz.300761,17.72528784,18.01164144,17.50575008,17.7539232,2730344,50695797.84
2023-08-09,sz.300761,17.658472,17.66801712,17.33393792,17.42938912,1988876,36343577.79
2023-08-10,sz.300761,17.33393792,17.69665248,17.2766672,17.64892688,2383535,43822604.35
2023-08-11,sz.300761,17.63938176,17.66801712,17.19076112,17.24803184,1754589,31894272.57
2023-08-14,sz.300761,17.181216,17.419844,16.7994112,17.36257328,3451370,61846429.85
2023-08-15,sz.300761,17.2766672,17.62029152,17.2766672,17.5630208,2017443,36901361.28
2023-08-16,sz.300761,17.43893424,17.55347568,17.31484768,17.38166352,923580,16861306.0
2023-08-17,sz.300761,17.43893424,17.43893424,17.19076112,17.36257328,904264,16386114.76
2023-08-18,sz.300761,17.39120864,17.42938912,17.01894896,17.04758432,1931137,34687898.87
2023-08-21,sz.300761,16.9903136,17.16212576,16.80895632,16.85668192,1313420,23336834.24
2023-08-22,sz.300761,16.7994112,17.05712944,16.4176064,16.54169296,2065337,35948199.74
2023-08-23,sz.300761,16.53214784,17.2766672,16.45578688,16.88531728,3344229,59195314.84
2023-08-24,sz.300761,16.9903136,19.91112032,16.7994112,19.02342416,15406262,296548729.06
2023-08-25,sz.300761,19.3765936,20.49337264,18.4220816,18.5175328,15158259,306158196.06
2023-08-28,sz.300761,19.00433392,19.44340944,17.8493744,18.4220816,13338794,257869524.93
2023-08-29,sz.300761,18.0880024,18.30754016,17.58211104,18.25981456,9662233,181924631.4
2023-08-30,sz.300761,17.93528048,18.19299872,17.7061976,17.9448256,6172478,115903840.62
2023-08-31,sz.300761,17.85891952,17.95437072,17.29575744,17.67756224,4912022,90536291.66
2023-09-01,sz.300761,17.5152952,18.06891216,17.50575008,18.00209632,4181565,78514357.38
2023-09-04,sz.300761,17.7539232,18.374356,17.7539232,18.135728,4465751,84627811.57
2023-09-05,sz.300761,18.04982192,18.135728,17.83028416,18.02118656,2634728,49520656.45
2023-09-06,sz.300761,18.09754752,18.19299872,17.658472,17.88755488,3059476,57486025.36
2023-09-07,sz.300761,17.7539232,18.03073168,17.3243928,17.49620496,4274249,78689723.59
2023-09-08,sz.300761,17.38166352,17.7539232,17.1334904,17.41029888,2849900,51885908.2
2023-09-11,sz.300761,17.48665984,17.74437808,17.34348304,17.58211104,1950962,35911819.6
2023-09-12,sz.300761,17.50575008,17.79210368,17.41029888,17.47711472,2843660,52468474.88
2023-09-13,sz.300761,17.4675696,17.47711472,17.0857648,17.15258064,2487820,44822459.2
2023-09-14,sz.300761,17.2289416,17.23848672,16.91395264,16.9903136,1552880,27669075.8
2023-09-15,sz.300761,16.99985872,17.10485504,16.64668928,16.85668192,3751916,66136602.77
2023-09-18,sz.300761,16.76123072,17.10485504,16.67532464,17.04758432,2265174,40053051.04
2023-09-19,sz.300761,17.04758432,17.2289416,16.80895632,16.9903136,1838610,32719171.88
2023-09-20,sz.300761,16.85668192,17.48665984,16.85668192,17.21939648,2756616,49681833.6
2023-09-21,sz.300761,17.20030624,17.36257328,16.90440752,16.91395264,1580687,28199135.65
2023-09-22,sz.300761,16.8948624,17.14303552,16.72305024,17.11440016,2203639,39178579.86
2023-09-25,sz.300761,17.10485504,17.16212576,16.93304288,17.00940384,1734986,30936268.28
2023-09-26,sz.300761,17.01894896,17.0380392,16.52260272,16.55123808,2513560,43848897.72
2023-09-27,sz.300761,16.53214784,16.70396,16.44624176,16.47487712,1408280,24413944.84
2023-09-28,sz.300761,16.59896368,16.59896368,16.05489184,16.3221552,3170864,53922186.22
2023-10-09,sz.300761,16.2744296,16.2744296,15.48218464,15.62536144,4409718,72565474.4
2023-10-10,sz.300761,15.61581632,15.749448,15.3676432,15.45354928,2747110,44593457.5
2023-10-11,sz.300761,15.58718096,15.58718096,15.0812896,15.21492128,3055120,48901890.8
2023-10-12,sz.300761,15.3676432,15.37718832,14.91902256,15.272192,3143065,49811635.83
2023-10-13,sz.300761,15.15765056,15.26264688,14.97629328,15.04310912,1812706,28637179.21
2023-10-16,sz.300761,15.09083472,15.21492128,14.9858384,15.07174448,1447175,22916786.98
2023-10-17,sz.300761,15.0812896,15.3676432,15.01447376,15.23401152,1569500,24984789.2
2023-10-18,sz.300761,15.16719568,15.37718832,14.94765792,14.95720304,1461556,23109163.56
2023-10-19,sz.300761,14.88084208,14.99538352,14.6994848,14.8903872,1599229,24874983.11
2023-10-20,sz.300761,14.87129696,14.87129696,14.556308,14.70902992,1586349,24482102.8
2023-10-23,sz.300761,14.75675552,14.97629328,14.5085824,14.6994848,2176931,33620406.96
2023-10-24,sz.300761,14.63266896,15.33900784,14.58494336,15.29128224,3107800,49039180.6
2023-10-25,sz.300761,15.3199176,15.44400416,14.92856768,14.94765792,2653549,41889046.27
2023-10-26,sz.300761,15.04310912,15.7971736,15.033564,15.5585456,5542750,89455531.4
2023-10-27,sz.300761,15.29128224,16.00716624,15.29128224,15.93080528,4530591,74775753.05
2023-10-30,sz.300761,15.90216992,16.37942592,15.76853824,16.24579424,3710874,62622477.43
2023-10-31,sz.300761,16.1312528,16.4176064,15.99762112,16.15988816,2105282,35709436.65
2023-11-01,sz.300761,16.21715888,16.40806128,16.02625648,16.3221552,1780203,30314376.77
2023-11-02,sz.300761,16.28397472,16.43669664,15.9403504,16.11216256,2030250,34311915.61
2023-11-03,sz.300761,16.20761376,16.2744296,16.07398208,16.09307232,1549220,26228494.8
2023-11-06,sz.300761,16.10261744,16.23624912,15.90216992,16.15988816,2482005,41839021.85
2023-11-07,sz.300761,16.18852352,16.59896368,15.90216992,16.36033568,3516855,59845323.2
2023-11-08,sz.300761,16.35079056,16.35079056,16.11216256,16.226704,1534700,26073614.6
2023-11-09,sz.300761,16.15034304,16.4176064,15.9403504,16.33170032,3342160,56639501.99
2023-11-10,sz.300761,16.33170032,16.3698808,16.10261744,16.15988816,1137322,19309352.3
2023-11-13,sz.300761,16.1312528,16.2744296,15.9403504,16.19806864,1421660,23945761.4
2023-11-14,sz.300761,16.19806864,16.37942592,16.04534672,16.09307232,2026836,34310282.56
2023-11-15,sz.300761,16.15988816,16.16943328,15.81626384,16.00716624,3714006,62043166.02
2023-11-16,sz.300761,15.93080528,16.15988816,15.82580896,15.93080528,2283005,38198542.35
2023-11-17,sz.300761,15.83535408,16.15988816,15.67308704,16.11216256,2376272,39633762.76
2023-11-20,sz.300761,16.15988816,16.31261008,15.988076,16.1312528,3972709,67139778.55
2023-11-21,sz.300761,16.15034304,16.54169296,15.8448992,16.226704,4370375,74212008.05
2023-11-22,sz.300761,16.29351984,16.942588,16.0835272,16.76123072,5779366,100284357.04
2023-11-23,sz.300761,16.73259536,16.87577216,16.58941856,16.78986608,3846860,67392305.2
2023-11-24,sz.300761,16.72305024,17.0857648,16.6562344,17.02849408,4962900,88058861.68
2023-11-27,sz.300761,16.942588,17.63938176,16.7516856,17.28621232,5391756,97089174.78
2023-11-28,sz.300761,17.20985136,17.82073904,16.99985872,17.47711472,5628227,103193739.64
2023-11-29,sz.300761,17.47711472,17.5630208,17.20030624,17.36257328,2478311,45102044.62
2023-11-30,sz.300761,17.23848672,17.7061976,17.20030624,17.3721184,3102934,56679059.81
2023-12-01,sz.300761,17.28621232,17.44847936,16.93304288,17.04758432,3762599,67581732.96
2023-12-04,sz.300761,17.181216,18.46026208,16.97122336,17.68710736,7014673,131293159.1
2023-12-05,sz.300761,17.55347568,17.91619024,17.5152952,17.62029152,3475037,64419827.07
2023-12-06,sz.300761,17.62029152,18.84206688,17.38166352,18.41253648,7524089,144348105.62
2023-12-07,sz.300761,18.29799504,18.8993376,18.0402768,18.55571328,5591380,108493719.2
2023-12-08,sz.300761,18.5652584,18.57480352,18.00209632,18.29799504,4248511,81070241.6
2023-12-11,sz.300761,18.24072432,18.612984,18.02118656,18.50798768,4615622,88950217.7
2023-12-12,sz.300761,18.49844256,18.54616816,18.09754752,18.2311792,2550120,48758116.5
2023-12-13,sz.300761,18.30754016,18.30754016,17.7539232,17.78255856,2961362,55670708.39
2023-12-14,sz.300761,17.76346832,18.01164144,17.419844,17.83982928,3004222,55772270.81
2023-12-15,sz.300761,17.92573536,18.01164144,17.658472,17.71574272,1731536,32248547.19
2023-12-18,sz.300761,17.68710736,18.7084352,17.57256592,17.91619024,4271126,81475563.05
2023-12-19,sz.300761,17.9925512,18.5175328,17.67756224,18.38390112,3530800,67234590.6
2023-12-20,sz.300761,18.39344624,18.39344624,17.95437072,18.14527312,2416300,45944297.5
2023-12-21,sz.300761,18.0402768,18.41253648,17.57256592,18.3266304,2871641,54280996.08
2023-12-22,sz.300761,18.40299136,19.10933024,18.19299872,18.68934496,3750441,73683714.16
2023-12-25,sz.300761,18.612984,18.8993376,18.0402768,18.81343152,3209816,62076084.21
2023-12-26,sz.300761,18.71798032,19.17614608,18.43162672,19.09024,4185952,83446664.4
2023-12-27,sz.300761,19.09024,20.14974832,18.86115712,19.9015752,6111522,125725448.91
2023-12-28,sz.300761,19.64385696,19.83475936,19.34795824,19.65340208,4359287,89380347.99
2023-12-29,sz.300761,19.6629472,20.044752,18.90888272,20.01611664,5285712,108205295.31
2024-01-02,sz.300761,19.8538496,19.9493008,19.38613872,19.4720448,3129754,64409732.43
2024-01-03,sz.300761,19.3765936,19.67249232,19.09024,19.3765936,2186720,44330794.0
2024-01-04,sz.300761,19.30023264,19.30023264,18.8993376,18.98524368,1700683,33911782.3
2024-01-05,sz.300761,18.88024736,19.09024,18.5652584,18.72752544,2595721,51064642.24
2024-01-08,sz.300761,18.72752544,19.25250704,18.43162672,18.4698072,2321174,45604188.83
2024-01-09,sz.300761,18.4220816,18.60343888,18.09754752,18.25981456,2524101,48360123.64
2024-01-10,sz.300761,18.15481824,18.5652584,17.9925512,18.49844256,3078814,59116713.22
2024-01-11,sz.300761,18.48889744,19.10933024,18.39344624,18.8993376,2412274,47757418.36
2024-01-12,sz.300761,18.82297664,19.43386432,18.71798032,19.05205952,2118280,42478391.2
2024-01-15,sz.300761,19.02342416,19.24296192,18.8038864,19.11887536,2024232,40376722.95
2024-01-16,sz.300761,19.11887536,19.35750336,18.67979984,19.24296192,2038237,40763327.72
2024-01-17,sz.300761,19.10933024,19.43386432,18.81343152,18.84206688,1614749,32227873.56
2024-01-18,sz.300761,18.7561608,19.73930816,18.34572064,19.52931552,3245024,64090045.5
2024-01-19,sz.300761,19.328868,19.45295456,18.8993376,18.92797296,1560777,31333311.73
2024-01-22,sz.300761,18.81343152,18.90888272,17.77301344,17.92573536,2209983,42391466.77
2024-01-23,sz.300761,17.97346096,18.30754016,17.7539232,17.98300608,1192540,22527695.2
2024-01-24,sz.300761,17.9448256,18.28844992,17.52484032,18.00209632,1652624,30775293.8
2024-01-25,sz.300761,17.92573536,18.5652584,17.83028416,18.22163408,2003750,38261964.3
2024-01-26,sz.300761,18.20254384,18.612984,17.7061976,18.20254384,2521128,48149027.53
2024-01-29,sz.300761,18.19299872,18.57480352,17.59165616,17.6107464,2211475,41607515.29
2024-01-30,sz.300761,17.40075376,17.8971,17.0380392,17.0380392,2664240,48291570.4
2024-01-31,sz.300761,16.9903136,17.3243928,16.71350512,16.82804656,2242416,39769309.62
2024-02-01,sz.300761,16.61805392,17.30530256,16.57032832,16.69441488,2602790,45766738.2
2024-02-02,sz.300761,16.942588,16.95213312,15.67308704,16.15034304,4042021,69359654.62
2024-02-05,sz.300761,16.0835272,16.37942592,15.2244664,15.6062712,4848133,80299757.97
2024-02-06,sz.300761,15.6062712,16.97122336,15.0812896,16.69441488,3749798,63769985.33
2024-02-07,sz.300761,16.78032096,17.52484032,16.57987344,17.48665984,4296476,77527209.67
2024-02-08,sz.300761,17.24803184,18.77525104,16.8948624,17.10485504,8540402,159174996.65
2024-02-19,sz.300761,17.419844,17.44847936,16.57032832,16.73259536,5565107,98380480.55
2024-02-20,sz.300761,16.66577952,17.181216,16.55123808,17.10485504,2835826,50443761.42
2024-02-21,sz.300761,16.91395264,17.79210368,16.64668928,17.3243928,3325597,60808293.89
2024-02-22,sz.300761,17.2766672,17.63938176,17.11440016,17.55347568,2162560,39456673.0
2024-02-23,sz.300761,17.63938176,17.74437808,17.34348304,17.68710736,1880354,34538114.88
2024-02-26,sz.300761,17.68710736,18.45071696,17.45802448,18.135728,2038728,38564239.53
2024-02-27,sz.300761,18.4220816,18.8038864,17.8493744,18.20254384,2931495,55712294.2
2024-02-28,sz.300761,18.19299872,18.95660832,17.97346096,18.02118656,3831540,73733775.35
2024-02-29,sz.300761,17.658472,18.5652584,17.658472,18.5175328,1885505,36084748.85
2024-03-01,sz.300761,18.5175328,18.67979984,18.24072432,18.49844256,1909860,36878458.65
2024-03-04,sz.300761,18.46026208,18.54616816,18.11663776,18.33617552,2189766,41930564.48
2024-03-05,sz.300761,18.41253648,18.68934496,18.20254384,18.47935232,2249989,43630624.46
2024-03-06,sz.300761,18.49844256,18.851612,18.05936704,18.7084352,2617308,50928723.18
2024-03-07,sz.300761,18.7084352,18.8993376,18.34572064,18.34572064,1155074,22556858.1
2024-03-08,sz.300761,18.34572064,18.69889008,18.30754016,18.6607096,1478875,28748321.5
2024-03-11,sz.300761,18.52707792,18.95660832,18.50798768,18.86115712,1560959,30659171.97
2024-03-12,sz.300761,18.83252176,19.51022528,18.67025472,19.40522896,2758880,55293497.2
2024-03-13,sz.300761,19.36704848,19.7583984,19.21432656,19.43386432,2068446,42301859.27
2024-03-14,sz.300761,19.46249968,19.567496,18.9947888,19.12842048,2061299,41467315.75
2024-03-15,sz.300761,19.27159728,19.328868,18.851612,19.05205952,1777783,35455827.7
2024-03-18,sz.300761,19.09978512,19.25250704,18.64161936,19.05205952,1833855,36289881.45
2024-03-19,sz.300761,19.567496,19.567496,19.05205952,19.10933024,2348276,47385820.2
2024-03-20,sz.300761,19.01387904,19.5197704,18.83252176,19.16660096,2649565,53494726.64
2024-03-21,sz.300761,19.1856912,20.044752,19.0425144,19.87293984,3691870,76225082.16
2024-03-22,sz.300761,19.82521424,20.36928608,19.51022528,20.19747392,4903580,102781585.37
2024-03-25,sz.300761,20.2356544,20.2356544,19.65340208,19.65340208,1860853,38731566.87
2024-03-26,sz.300761,19.57704112,20.08293248,19.51022528,19.7583984,1567000,32602564.4
2024-03-27,sz.300761,19.63431184,19.98748128,19.34795824,19.35750336,1831680,37633945.8
2024-03-28,sz.300761,19.15705584,19.38613872,18.82297664,19.2334168,2895346,58010711.12
2024-03-29,sz.300761,18.9947888,20.20701904,18.9947888,20.08293248,2655900,54844036.2
2024-04-01,sz.300761,20.08293248,20.9038128,19.8538496,20.65563968,3116760,67003419.18
2024-04-02,sz.300761,20.70336528,20.70336528,20.03520688,20.1402032,1935905,41094171.33
2024-04-03,sz.300761,20.22610928,20.68427504,20.00657152,20.58882384,2665176,57155380.12
2024-04-08,sz.300761,20.57927872,20.97062864,20.21656416,20.760636,3394599,73703310.27
2024-04-09,sz.300761,20.760636,20.8083616,20.10202272,20.65563968,2358769,50544251.35
2024-04-10,sz.300761,20.49337264,20.86563232,20.11156784,20.16883856,1484060,31676743.4
2024-04-11,sz.300761,20.0924776,20.31201536,19.96839104,20.044752,1082231,22774589.36
2024-04-12,sz.300761,19.9015752,20.22610928,19.55795088,19.70112768,1876130,38941999.28
2024-04-15,sz.300761,19.806124,20.15929344,19.4720448,19.91112032,1842900,38326355.2
2024-04-16,sz.300761,19.72021792,19.98748128,19.3765936,19.51022528,2423360,49930875.4
2024-04-17,sz.300761,19.50068016,19.83475936,19.09978512,19.38613872,2284915,46557506.15
2024-04-18,sz.300761,19.29068752,20.16883856,19.03296928,19.7106728,2342120,48446628.6
2024-04-19,sz.300761,19.5197704,19.83475936,19.328868,19.64385696,1594573,32747508.48
2024-04-22,sz.300761,20.999264,22.431032,20.522008,21.96332112,9937945,224887223.0
2024-04-23,sz.300761,21.6674224,21.72469312,20.73200064,21.15198592,7307414,161679490.51
2024-04-24,sz.300761,20.94199328,21.29516272,20.72245552,21.25698224,5341855,117599986.99
2024-04-25,sz.300761,20.75109088,21.237892,20.69382016,21.13289568,4231799,92948609.04
2024-04-26,sz.300761,20.8083616,21.4287944,20.4265568,20.5697336,5660977,122704487.91
2024-04-29,sz.300761,20.44564704,20.7129104,20.0924776,20.4265568,4881011,104367108.03
2024-04-30,sz.300761,20.41701168,21.29516272,20.34065072,20.84654208,6297512,137896350.8
2024-05-06,sz.300761,20.69382016,21.953776,20.22610928,21.78196384,7481200,167028832.2
2024-05-07,sz.300761,21.56242608,21.79150896,21.00880912,21.11380544,5737028,128462633.24
2024-05-08,sz.300761,21.27607248,22.2878552,21.03744448,22.12558816,9934476,225772602.24
2024-05-09,sz.300761,21.67696752,21.73423824,20.92290304,21.31425296,9125116,203452563.48
2024-05-10,sz.300761,21.22834688,21.6674224,20.9038128,21.1901664,7053340,156668597.6
2024-05-13,sz.300761,20.9038128,22.01104672,20.9038128,21.82014432,7260700,164466530.0
2024-05-14,sz.300761,21.62924192,22.2401296,21.54333584,21.56242608,6780903,155153031.68
2024-05-15,sz.300761,21.56242608,21.75332848,20.9515384,21.1901664,4096076,90916993.28
2024-05-16,sz.300761,21.1424408,22.03013696,21.1424408,21.7628736,5646139,128706121.82
2024-05-17,sz.300761,21.68651264,22.431032,21.59106144,22.192404,5933663,137219031.5
2024-05-20,sz.300761,22.192404,24.0537024,22.192404,23.85325488,12116430,296221093.34
2024-05-21,sz.300761,23.59553664,24.37823648,23.29963792,23.5764464,9977188,248084601.66
2024-05-22,sz.300761,23.54781104,23.74825856,22.88919776,23.36645376,6015771,146301030.08
2024-05-23,sz.300761,23.40463424,23.84370976,22.50739296,23.02282944,5200981,125741356.11
2024-05-24,sz.300761,22.908288,23.7196232,22.55511856,23.3378184,8025261,196025056.37
2024-05-27,sz.300761,23.1946416,23.51917568,22.53602832,23.2423672,6952464,167867439.47
2024-05-28,sz.300761,23.32827328,23.68144272,22.97510384,23.49054032,4636471,113477268.7
2024-05-29,sz.300761,23.32827328,24.17778896,23.22327696,24.1491536,6669721,166228711.13
2024-05-30,sz.300761,23.87234512,24.21596944,23.22327696,23.23282208,5172210,127230131.75
2024-05-31,sz.300761,23.0991904,23.6718976,23.02282944,23.5287208,3911140,95876023.54
2024-06-03,sz.300761,23.85325488,24.65504496,23.624172,24.15869872,6083601,153862087.06
2024-06-04,sz.300761,24.13960848,24.69322544,23.87234512,24.59777424,4550763,116400404.39
2024-06-05,sz.300761,24.15869872,24.578684,23.45235984,23.624172,7434018,184963517.11
2024-06-06,sz.300761,23.4809952,23.79598416,23.0037392,23.70053296,5622330,137983821.9
2024-06-07,sz.300761,23.56690128,23.9582512,23.1946416,23.55735616,4376770,107736403.8
2024-06-11,sz.300761,23.4809952,23.69098784,23.04191968,23.66235248,3627670,88720768.15
2024-06-12,sz.300761,23.68144272,23.9582512,23.08010016,23.08964528,4367135,107106580.38
2024-06-13,sz.300761,23.0991904,23.26145744,22.5264832,22.77465632,4959664,118650842.88
2024-06-14,sz.300761,22.83192704,23.2900928,22.34512592,22.75556608,7681022,183203176.62
2024-06-17,sz.300761,22.53602832,23.27100256,22.431032,22.93692336,3086185,74391997.1
2024-06-18,sz.300761,23.17555136,23.27100256,22.54557344,22.67920512,2216994,52932391.82
2024-06-19,sz.300761,22.431032,22.8128368,22.2401296,22.30694544,2241271,52590001.83
2024-06-20,sz.300761,22.1446784,22.48830272,22.10649792,22.21149424,1775752,41452765.44
2024-06-21,sz.300761,22.22103936,22.83192704,22.0492272,22.27831008,2071560,48592394.2
2024-06-24,sz.300761,22.27831008,22.39285152,21.78196384,21.78196384,2055820,47324400.54
2024-06-25,sz.300761,21.77241872,22.1446784,21.47652,21.67696752,2193434,49968109.76
2024-06-26,sz.300761,21.82014432,21.97286624,21.34288832,21.8583248,2203534,50001665.32
2024-06-27,sz.300761,21.79150896,21.99195648,21.39061392,21.63878704,1825140,41326684.6
2024-06-28,sz.300761,21.40970416,22.03013696,21.2856176,21.61015168,3073080,69953483.4
2024-07-01,sz.300761,21.61015168,22.34512592,21.54333584,22.03968208,3248631,74737714.11
2024-07-02,sz.300761,21.953776,22.0969528,21.6196968,21.7628736,2280701,52095769.36
2024-07-03,sz.300761,21.715148,21.9060504,21.34288832,21.3810688,1683427,37974605.12
2024-07-04,sz.300761,21.40015904,21.65787728,20.77018112,20.9515384,2480241,54850611.22
2024-07-05,sz.300761,20.81790672,21.16153104,20.69382016,21.11380544,2254440,49428527.8
2024-07-08,sz.300761,21.2856176,21.82968944,21.06607984,21.58151632,3646680,82354627.6
2024-07-09,sz.300761,21.5719712,21.715148,21.0947152,21.36197856,3386367,75808422.49
2024-07-10,sz.300761,21.30470784,21.7628736,21.12335056,21.67696752,3007512,67787421.91
2024-07-11,sz.300761,21.6674224,21.88696016,20.999264,21.237892,3842710,85806140.03
2024-07-12,sz.300761,21.18062128,21.4287944,20.999264,21.17107616,2422179,53840525.03
2024-07-15,sz.300761,21.21880176,21.953776,21.06607984,21.78196384,3796900,86018366.0
2024-07-16,sz.300761,21.47652,22.1446784,21.20925664,21.73423824,4417585,100375433.6
2024-07-17,sz.300761,21.61015168,22.78420144,21.237892,22.69829536,5349229,123859235.58
2024-07-18,sz.300761,22.3355808,23.26145744,21.79150896,23.0991904,6140559,144741397.64
2024-07-19,sz.300761,22.84147216,23.21373184,22.6219344,22.908288,4172589,99997464.68
2024-07-22,sz.300761,22.87965264,22.87965264,22.3833064,22.7651112,3209503,76079317.82
2024-07-23,sz.300761,23.36645376,23.7673488,22.64102464,22.8128368,6848587,165743024.73
2024-07-24,sz.300761,22.73647584,23.03237456,22.03013696,22.0492272,5128222,120226105.44
2024-07-25,sz.300761,22.0492272,22.75556608,21.96332112,22.3833064,4309076,101021058.36
2024-07-26,sz.300761,22.39285152,22.66966,22.17331376,22.431032,2757931,64715844.35
2024-07-29,sz.300761,22.54557344,22.70784048,21.53379072,21.70560288,3800017,86918147.13
2024-07-30,sz.300761,21.70560288,22.06831744,21.50515536,21.97286624,2671431,61299966.81
2024-07-31,sz.300761,21.77241872,22.4787576,21.29516272,22.3833064,5075238,116718781.91
2024-08-01,sz.300761,22.1446784,22.60284416,21.50515536,21.68651264,5217847,120319326.83
2024-08-02,sz.300761,21.715148,22.59329904,21.58151632,22.0492272,5318612,123396608.3
2024-08-05,sz.300761,21.953776,22.30694544,21.41924928,21.58151632,5614734,128089214.58
2024-08-06,sz.300761,21.65787728,21.9060504,21.22834688,21.63878704,3360700,76059388.13
2024-08-07,sz.300761,21.6196968,21.70560288,21.0947152,21.15198592,3032423,67637203.31
2024-08-08,sz.300761,21.08517008,21.51470048,20.91335792,21.3810688,3046136,67771659.72
2024-08-09,sz.300761,21.37152368,21.45742976,20.77972624,20.82745184,2908283,63970099.81
2024-08-12,sz.300761,20.89426768,21.17107616,20.68427504,20.87517744,2822520,61867718.4
2024-08-13,sz.300761,20.98971888,21.53379072,20.65563968,20.84654208,3409360,74920362.0
2024-08-14,sz.300761,20.7129104,20.83699696,20.34065072,20.38837632,1868463,40069289.91
2024-08-15,sz.300761,20.36928608,20.999264,20.2356544,20.63654944,2755800,59750681.0
2024-08-16,sz.300761,20.70336528,20.70336528,20.08293248,20.1879288,3230380,68537344.8
2024-08-19,sz.300761,20.22610928,20.3311056,19.93021056,20.17838368,3001700,63248359.4
2024-08-20,sz.300761,20.20701904,20.27383488,19.67249232,19.82521424,2579280,53759724.6
2024-08-21,sz.300761,19.8538496,20.00657152,19.5197704,19.59613136,2061682,42603736.6
2024-08-22,sz.300761,19.6629472,19.73930816,19.31932288,19.50068016,2081190,42480816.78
2024-08-23,sz.300761,19.38613872,19.76794352,19.29068752,19.33841312,1656301,33711253.37
2024-08-26,sz.300761,19.26205216,19.7583984,19.26205216,19.6629472,2586900,52859352.79
2024-08-27,sz.300761,19.57704112,19.57704112,19.08069488,19.20478144,2747081,55460175.13
2024-08-28,sz.300761,19.02342416,19.22387168,18.78479616,18.83252176,3897151,77254180.97
2024-08-29,sz.300761,18.9100675,19.2008425,18.6192925,18.7356025,3660079,71263440.96
2024-08-30,sz.300761,18.6386775,19.07484,18.41575,18.7743725,7046304,136089404.16
2024-09-02,sz.300761,18.6968325,18.72591,18.3091325,18.5417525,5843549,111802625.74
2024-09-03,sz.300761,18.4835975,18.8131425,18.3672875,18.4254425,3199208,61206229.99
2024-09-04,sz.300761,18.41575,18.4835975,18.10559,18.1540525,2102880,39603131.4
2024-09-05,sz.300761,18.280055,18.4835975,18.124975,18.396365,2185140,41321177.6
2024-09-06,sz.300761,18.3091325,18.4448275,17.853585,17.9795875,2536389,47265810.6
2024-09-09,sz.300761,17.9020475,18.0571275,17.698505,18.008665,3285840,60726650.4
2024-09-10,sz.300761,17.9989725,18.0571275,17.4465,17.79543,2976940,54326668.2
2024-09-11,sz.300761,17.79543,17.8342,17.4465,17.64035,2202414,40053508.56
2024-09-12,sz.300761,17.7081975,17.853585,17.4561925,17.4755775,2041654,37174216.26
2024-09-13,sz.300761,17.4755775,17.5918875,16.961875,17.0297225,4267401,75643984.13
2024-09-18,sz.300761,17.0878775,17.13634,16.7389475,16.8552575,3044266,53309837.18
2024-09-19,sz.300761,16.8940275,17.2817275,16.768025,16.923105,3948280,69196965.2
2024-09-20,sz.300761,16.8940275,16.8940275,16.32217,16.7389475,4697161,80204370.55
2024-09-23,sz.300761,16.55479,17.09757,16.4481725,16.94249,5196527,90239412.58
2024-09-24,sz.300761,16.9909525,17.853585,16.9909525,17.71789,5820182,104763479.64
2024-09-25,sz.300761,17.776045,18.163745,17.40773,17.4368075,4934565,90555364.31
2024-09-26,sz.300761,17.4368075,18.628985,17.1848025,18.5999075,6654380,123598795.05
2024-09-27,sz.300761,18.9100675,19.830855,18.628985,19.4334625,8264873,164177452.61
2024-09-30,sz.300761,20.12163,22.2830575,19.7823925,22.273365,10118194,219833746.1
2024-10-08,sz.300761,25.9759,25.9759,22.273365,23.6593925,14584887,358688590.55
2024-10-09,sz.300761,22.5544475,22.68045,20.4802525,20.50933,11306640,252370370.0
2024-10-10,sz.300761,21.7596625,23.6012375,21.149035,21.3525775,24598268,569708615.37
2024-10-11,sz.300761,20.838875,20.9454925,19.22992,19.481925,18372551,374843483.62
2024-10-14,sz.300761,19.4722325,20.3251725,19.2202275,19.9956275,11753825,239603868.0
2024-10-15,sz.300761,19.92778,20.43179,19.5303875,19.7242375,8888040,183277925.4
2024-10-16,sz.300761,19.5303875,20.1507075,19.4140775,19.73393,6134240,125022980.0
2024-10-17,sz.300761,19.830855,19.947165,19.443155,19.46254,5428300,109906211.8
2024-10-18,sz.300761,19.6273125,20.85826,19.4140775,20.31548,11004636,227912877.08
2024-10-21,sz.300761,20.3445575,21.265345,20.2670175,20.993955,14106115,302974271.2
2024-10-22,sz.300761,20.993955,21.2168825,20.0731675,20.916415,17469248,371306177.08
2024-10-23,sz.300761,21.304115,21.808125,20.955185,21.47858,18355168,404472817.0
2024-10-24,sz.300761,21.2750375,21.8953575,21.0036475,21.110265,12838741,283431494.19
2024-10-25,sz.300761,20.916415,21.4688875,20.8485675,21.226575,10886389,238014145.56
2024-10-28,sz.300761,21.3235,21.808125,21.05211,21.653045,12000623,265990956.15
2024-10-29,sz.300761,21.808125,21.808125,20.89703,20.9842625,10266434,224551640.72
2024-10-30,sz.300761,21.12965,21.5464275,20.85826,21.2362675,10895994,238419703.19
2024-10-31,sz.300761,21.2362675,21.24596,20.5481,20.761335,11262063,241973652.78
2024-11-01,sz.300761,20.7904125,21.110265,20.4996375,20.6934875,10869086,234057945.05
2024-11-04,sz.300761,20.5577925,20.9454925,20.451175,20.7516425,9687840,206498438.2
2024-11-05,sz.300761,20.722565,21.1781125,20.3833275,21.1199575,13951968,298875558.68
2024-11-06,sz.300761,21.0811875,21.536735,20.645025,21.420425,13302074,290501572.5
2024-11-07,sz.300761,21.187805,22.3605975,21.1781125,22.195825,18023797,409249005.96
2024-11-08,sz.300761,22.29275,22.4866,21.6821225,21.7790475,14380526,326343010.89
2024-11-11,sz.300761,20.89703,20.89703,20.4414825,20.81949,17562444,374497108.06
2024-11-12,sz.300761,20.81949,21.4107325,20.683795,20.9358,13780357,298544354.43
2024-11-13,sz.300761,20.9454925,21.149035,20.683795,20.8679525,8458547,182258758.89
2024-11-14,sz.300761,20.722565,20.7904125,20.024705,20.1313225,10612599,223712209.82
2024-11-15,sz.300761,20.063475,20.2282475,19.7823925,19.92778,8181420,168938867.6
2024-11-18,sz.300761,19.92778,20.4414825,19.69516,19.9956275,8991338,186168399.83
2024-11-19,sz.300761,20.063475,20.412405,19.792085,20.412405,8353868,173809830.97
2024-11-20,sz.300761,20.2088625,20.6159475,19.985935,20.412405,7368957,154234387.82
2024-11-21,sz.300761,20.334865,20.6934875,20.0537825,20.2088625,7103518,148538918.16
2024-11-22,sz.300761,20.1604,20.1894775,19.2396125,19.2396125,7827236,159440070.45
2024-11-25,sz.300761,19.26869,19.7048525,19.1814575,19.5303875,6520746,130891422.48
2024-11-26,sz.300761,19.5497725,19.8211625,19.5303875,19.57885,3961540,80374320.8
2024-11-27,sz.300761,19.5691575,19.8017775,19.0263775,19.7823925,4925840,98803407.6
2024-11-28,sz.300761,19.7823925,19.869625,19.5691575,19.69516,3753580,76422017.8
2024-11-29,sz.300761,19.6466975,20.1700925,19.637005,20.0731675,6001580,123653593.83
2024-12-02,sz.300761,19.9568575,20.451175,19.8017775,20.257325,8922325,185291502.2
2024-12-03,sz.300761,20.3057875,21.2556525,20.1604,21.0424175,15023235,323779562.89
2024-12-04,sz.300761,20.81949,20.955185,20.4027125,20.567485,9356235,199502264.93
2024-12-05,sz.300761,20.412405,20.4996375,20.063475,20.3639425,7031152,146847644.24
2024-12-06,sz.300761,20.334865,20.39302,19.8987025,20.373635,7479009,155800409.65
2024-12-09,sz.300761,20.2864025,20.74195,20.141015,20.4027125,8815942,186132207.42
2024-12-10,sz.300761,21.0811875,21.110265,20.412405,20.489945,10567536,226695843.72
2024-12-11,sz.300761,20.35425,20.8485675,20.35425,20.683795,9486410,202409605.7
2024-12-12,sz.300761,20.66441,21.2750375,20.4414825,21.2556525,12934700,279951077.0
2024-12-13,sz.300761,21.1199575,21.12965,20.35425,20.5481,22238145,474376491.98
2024-12-16,sz.300761,20.5577925,20.66441,19.7436225,19.85024,10681259,222335229.03
2024-12-17,sz.300761,19.714545,19.8599325,19.3946925,19.4722325,6497859,131236018.45
2024-12-18,sz.300761,19.5303875,19.6273125,19.1039175,19.15238,6452676,128397954.56
2024-12-19,sz.300761,18.9973,19.0457625,18.72591,19.03607,5721780,111578417.52
2024-12-20,sz.300761,18.977915,19.2396125,18.7549875,18.977915,7223346,141362886.12
2024-12-23,sz.300761,18.977915,19.055455,18.628985,18.628985,5557100,107879342.88
2024-12-24,sz.300761,18.6096,19.26869,18.5999075,19.1620725,7381273,144268578.74
2024-12-25,sz.300761,19.1426875,19.2589975,18.84222,19.2589975,5959664,117253849.84
2024-12-26,sz.300761,19.1814575,19.3753075,19.03607,19.1039175,4421060,87386397.6
2024-12-27,sz.300761,19.1233025,19.6660825,18.95853,19.4916175,7357860,146978982.4
2024-12-30,sz.300761,19.385,19.5110025,19.1620725,19.22992,6460883,128803408.06
2024-12-31,sz.300761,19.288075,19.30746,18.84222,18.861605,5055400,99303708.0
2025-01-02,sz.300761,18.7743725,19.22992,18.3479025,18.4642125,7649720,148537978.66
2025-01-03,sz.300761,18.45452,18.6580625,17.9408175,18.0183575,5878251,110820344.01
2025-01-06,sz.300761,18.008665,18.2897475,17.8342,18.14436,5276404,98691320.76
2025-01-07,sz.300761,18.1928225,18.4254425,18.047435,18.2509775,4302372,80892165.16
2025-01-08,sz.300761,18.2509775,18.2509775,17.659735,17.9602025,4274840,79134889.6
2025-01-09,sz.300761,18.008665,18.0765125,17.6888125,17.7081975,4431900,81782737.0
2025-01-10,sz.300761,17.698505,17.7857375,17.3398825,17.36896,5103851,92106803.57
2025-01-13,sz.300761,17.2623425,17.5918875,17.000645,17.52404,5574751,100033793.53
2025-01-14,sz.300761,17.5725025,18.008665,17.504655,17.931125,6231520,114439951.6
2025-01-15,sz.300761,17.931125,18.2315925,17.8632775,18.047435,5461620,101746779.2
2025-01-16,sz.300761,18.10559,18.4060575,17.931125,18.0377425,5055032,94719846.64
2025-01-17,sz.300761,17.9602025,18.628985,17.8826625,18.6096,6795512,128426022.36
2025-01-20,sz.300761,18.4835975,18.551445,18.1928225,18.396365,7991651,151527349.36
2025-01-21,sz.300761,18.435135,18.5223675,18.10559,18.2509775,4565251,85962045.85
2025-01-22,sz.300761,18.2122075,18.241285,17.8245075,17.9989725,5159240,95649869.2
2025-01-23,sz.300761,18.1152825,18.2703625,17.9602025,17.98928,4980406,93154979.56
2025-01-24,sz.300761,17.9602025,18.086205,17.79543,18.0377425,4338286,80623489.32
2025-01-27,sz.300761,18.0571275,18.473905,18.0571275,18.280055,6028380,113848467.8
2025-02-05,sz.300761,18.37698,18.37698,17.8632775,17.98928,5610926,104481007.18
2025-02-06,sz.300761,17.98928,17.98928,17.5918875,17.931125,5695500,104573039.6
2025-02-07,sz.300761,17.892355,18.4448275,17.71789,18.1928225,10367687,193213348.94
2025-02-10,sz.300761,18.163745,18.2703625,17.969895,18.14436,6852320,128016430.6
2025-02-11,sz.300761,18.1540525,18.2315925,17.698505,17.737275,7401780,136114818.49
2025-02-12,sz.300761,17.7469675,17.75666,17.52404,17.7081975,5309742,96543790.29
2025-02-13,sz.300761,17.6694275,18.18313,17.620965,18.0183575,11649957,216473255.97
2025-02-14,sz.300761,18.1152825,18.1152825,17.6694275,17.7663525,10672758,196254918.72
2025-02-17,sz.300761,17.7663525,17.7663525,17.4949625,17.5918875,8466241,153696120.78
2025-02-18,sz.300761,17.698505,17.698505,17.1848025,17.3204975,7468098,134128418.98
2025-02-19,sz.300761,17.233265,17.3980375,17.0588,17.388345,8345214,148294943.31
2025-02-20,sz.300761,17.29142,17.4174225,17.1654175,17.25265,5999728,106894881.96
2025-02-21,sz.300761,17.21388,17.543425,17.1848025,17.3204975,6955791,124420570.78
2025-02-24,sz.300761,17.5531175,17.969895,17.504655,17.64035,12646140,231609407.86
2025-02-25,sz.300761,17.582195,17.582195,17.1072625,17.1654175,10237226,182355811.52
2025-02-26,sz.300761,17.1460325,17.4949625,17.09757,17.3980375,7853496,140214551.44
2025-02-27,sz.300761,17.40773,17.465885,17.25265,17.3592675,7027359,125750150.74
2025-02-28,sz.300761,17.310805,17.737275,17.2429575,17.388345,11563114,208914356.51
2025-03-03,sz.300761,17.388345,17.8632775,17.388345,17.6112725,10110894,184386207.74
2025-03-04,sz.300761,17.6112725,18.047435,17.5337325,18.0183575,11271614,207421431.82
2025-03-05,sz.300761,18.512675,18.6774475,17.7081975,17.7469675,12855782,239355027.42
2025-03-06,sz.300761,17.6888125,17.79543,17.5337325,17.67912,10205002,185732413.86
2025-03-07,sz.300761,17.60158,17.71789,17.4561925,17.5725025,7489236,135823132.24
2025-03-10,sz.300761,17.737275,17.931125,17.56281,17.64035,9014740,164788943.6
2025-03-11,sz.300761,17.4561925,17.9214325,17.3786525,17.9214325,11195876,204693818.28
2025-03-12,sz.300761,17.91174,17.9795875,17.71789,17.7469675,8073860,148256429.8
2025-03-13,sz.300761,17.7857375,18.1734375,17.737275,17.814815,10522321,194624268.97
2025-03-14,sz.300761,17.814815,18.0377425,17.7857375,18.008665,10171641,188297026.86
2025-03-17,sz.300761,18.124975,18.667755,18.086205,18.3672875,14569862,275720109.12
2025-03-18,sz.300761,18.357595,18.396365,18.14436,18.2897475,9266043,174447159.65
2025-03-19,sz.300761,18.2219,18.2897475,18.0571275,18.14436,6987140,130782595.4
2025-03-20,sz.300761,18.1734375,18.37698,17.9408175,17.9602025,8792599,164467126.65
2025-03-21,sz.300761,17.8342,18.0377425,17.698505,17.7469675,7617259,140106044.59
2025-03-24,sz.300761,17.71789,17.776045,17.465885,17.6500425,6026874,109546053.98
2025-03-25,sz.300761,17.620965,18.26067,17.504655,18.202515,10788880,199624016.8
2025-03-26,sz.300761,18.1152825,19.288075,18.0183575,18.91976,28174878,548511159.85
2025-03-27,sz.300761,18.745295,19.03607,18.68714,18.72591,16118786,313085410.84
2025-03-28,sz.300761,18.706525,18.7549875,18.318825,18.435135,10357040,197821880.8
2025-03-31,sz.300761,18.4448275,18.6774475,18.0183575,18.10559,10795000,204050973.6
2025-04-01,sz.300761,18.124975,18.53206,18.0571275,18.29944,9823490,185632256.5
2025-04-02,sz.300761,18.2315925,18.5417525,18.202515,18.45452,8304497,157627183.48
2025-04-03,sz.300761,18.2315925,19.3559225,18.2315925,19.03607,19314463,378389664.56
2025-04-07,sz.300761,19.0845325,20.8873375,18.784065,19.288075,51196966,1037520394.04
2025-04-08,sz.300761,18.9973,23.048765,18.9973,21.74997,61079900,1304503584.92
2025-04-09,sz.300761,22.2249025,23.436465,20.4996375,21.614275,59561147,1343382011.96
2025-04-10,sz.300761,20.063475,22.0116675,20.0343975,21.3138075,52138877,1140737977.31
2025-04-11,sz.300761,21.2750375,21.3138075,20.1700925,20.2088625,36643740,772643798.84
2025-04-14,sz.300761,19.92778,20.5965625,19.869625,20.35425,30967582,649641372.41
2025-04-15,sz.300761,20.296095,20.6159475,19.96655,20.567485,28209422,593799616.82
2025-04-16,sz.300761,20.31548,20.4608675,19.481925,19.792085,25638531,526896381.77
2025-04-17,sz.300761,19.675775,20.0150125,19.4916175,19.7727,15501364,316244182.8
2025-04-18,sz.300761,19.7727,19.908395,19.4140775,19.5110025,14215200,287642187.2
2025-04-21,sz.300761,19.4140775,19.8987025,19.0457625,19.8987025,17948129,361418647.52
2025-04-22,sz.300761,19.5691575,20.063475,19.288075,19.714545,20448609,415319395.98
2025-04-23,sz.300761,19.637005,19.908395,19.249305,19.288075,19354819,389650195.63
2025-04-24,sz.300761,19.30746,19.6466975,19.210535,19.30746,15785226,316319763.38
2025-04-25,sz.300761,19.326845,19.365615,18.8906825,18.9100675,15880261,312617178.87
2025-04-28,sz.300761,18.88099,18.939145,18.396365,18.473905,14336600,275208962.21
2025-04-29,sz.300761,18.435135,18.551445,18.2219,18.4835975,8467260,161071991.0
2025-04-30,sz.300761,18.4835975,18.6386775,18.41575,18.41575,10097659,193146909.45
2025-05-06,sz.300761,18.512675,18.7743725,18.473905,18.7743725,9991760,192340739.6
2025-05-07,sz.300761,18.939145,18.95853,18.64837,18.8519125,12336858,239204754.16
2025-05-08,sz.300761,18.80345,18.88099,18.64837,18.7743725,8793426,170227816.4
2025-05-09,sz.300761,18.76468,18.8712975,18.4060575,18.68714,11212195,215315041.38
2025-05-12,sz.300761,18.57083,18.6580625,18.4254425,18.590215,10470300,200108136.6
2025-05-13,sz.300761,18.5999075,18.7937575,18.512675,18.745295,10678360,205552015.0
2025-05-14,sz.300761,18.7356025,18.80345,18.5223675,18.68714,8553004,164540106.92
2025-05-15,sz.300761,18.6968325,18.8906825,18.667755,18.706525,12246764,237687549.68
2025-05-16,sz.300761,18.6580625,18.667755,18.0183575,18.124975,16245650,304761755.18
2025-05-19,sz.300761,18.29944,18.4448275,18.1540525,18.318825,9142889,172668424.32
2025-05-20,sz.300761,18.2315925,18.590215,18.202515,18.45452,10688310,202909289.71
2025-05-21,sz.300761,18.37698,18.628985,18.3285175,18.551445,6751880,128637606.4
2025-05-22,sz.300761,18.5116314,18.6111563,18.15334176,18.23296168,8466684,155884109.4
2025-05-23,sz.300761,18.20310421,18.30262911,17.94433947,17.98414943,6969422,126971995.52
2025-05-26,sz.300761,17.95429196,18.05381686,17.85476706,18.00405441,5118600,92374898.0
2025-05-27,sz.300761,17.97419694,18.10357931,17.93438698,18.06376935,4165798,75436102.29
2025-05-28,sz.300761,17.97419694,18.09362682,17.87467204,17.99410192,4562378,82461022.8
2025-05-29,sz.300761,17.99410192,18.15334176,17.87467204,18.10357931,4880277,88488336.81
2025-05-30,sz.300761,18.06376935,19.2083057,18.03391188,18.88982602,26589895,502570700.25
2025-06-03,sz.300761,18.56139385,19.34764056,18.44196397,19.18840072,17952240,343117034.48
2025-06-04,sz.300761,19.05901835,19.17844823,18.88982602,19.05901835,9532284,182107036.78
2025-06-05,sz.300761,19.05901835,19.05901835,18.58129883,18.63106128,10516680,197525580.97
2025-06-06,sz.300761,18.68082373,18.80025361,18.56139385,18.69077622,5630850,105716376.26
2025-06-09,sz.300761,18.54148887,19.5068804,18.46186895,19.32773558,15783578,304106407.42
2025-06-10,sz.300761,19.15854325,19.4073555,18.76044365,18.98935092,10911041,208723900.81
2025-06-11,sz.300761,18.96944594,19.88507502,18.92963598,19.72583518,20428683,402595455.57
2025-06-12,sz.300761,19.62631028,19.72583518,19.32773558,19.62631028,10098350,198371897.4
2025-06-13,sz.300761,19.55664285,19.63626277,19.22821068,19.28792562,8984740,174613618.8
2025-06-16,sz.300761,19.22821068,19.43721297,19.03911337,19.35759305,8947660,172963195.0
2025-06-17,sz.300761,19.35759305,19.81540759,19.34764056,19.68602522,13528418,266778497.29
2025-06-18,sz.300761,19.57654783,19.74574016,19.06897084,19.08887582,9028940,174674000.0
2025-06-19,sz.300761,19.07892333,19.17844823,18.77039614,18.93958847,6842840,130347412.99
2025-06-20,sz.300761,18.85001606,19.05901835,18.68082373,18.72063369,5093100,96288176.0
2025-06-23,sz.300761,18.65096626,18.74053867,18.45191646,18.53153638,6523620,121488253.0
2025-06-24,sz.300761,18.55144136,18.79030112,18.5116314,18.70072871,6206612,116547994.92
2025-06-25,sz.300761,18.74053867,18.88982602,18.59125132,18.86992104,6343100,119384409.4
2025-06-26,sz.300761,18.87987353,18.87987353,18.62110879,18.70072871,5619722,105729991.6
2025-06-27,sz.300761,18.66091875,18.78034863,18.62110879,18.64101377,4617139,86645770.87
2025-06-30,sz.300761,18.63106128,18.73058618,18.50167891,18.70072871,6869215,128372966.41
2025-07-01,sz.300761,18.42205899,18.64101377,18.1135318,18.58129883,13866641,255410002.27
2025-07-02,sz.300761,18.46186895,18.66091875,18.35239156,18.66091875,9342560,173897319.18
2025-07-03,sz.300761,18.66091875,19.0092559,18.58129883,18.6111563,11978526,226012547.0
2025-07-04,sz.300761,18.6111563,18.64101377,18.40215401,18.56139385,7128332,132676598.28
2025-07-07,sz.300761,18.46186895,18.60120381,18.42205899,18.54148887,3548940,66013226.8
2025-07-08,sz.300761,18.5116314,18.66091875,18.40215401,18.63106128,5926972,110308863.0
2025-07-09,sz.300761,18.63106128,19.2083057,18.6111563,19.0092559,14206142,270811042.58
2025-07-10,sz.300761,19.18840072,19.31778309,18.85001606,19.06897084,9730559,186424282.34
2025-07-11,sz.300761,19.03911337,19.5068804,18.99930341,19.07892333,10036919,193340573.92
2025-07-14,sz.300761,18.96944594,19.07892333,18.909731,18.95949345,5614072,106968695.37
2025-07-15,sz.300761,18.89977851,18.98935092,18.33248658,18.63106128,11973193,223442708.51
2025-07-16,sz.300761,18.57134634,18.75049116,18.53153638,18.68082373,4507618,84577018.04
2025-07-17,sz.300761,18.6111563,18.79030112,18.52158389,18.63106128,5864080,109664077.2
2025-07-18,sz.300761,18.59125132,18.7106812,18.58129883,18.66091875,5285620,99043175.2
2025-07-21,sz.300761,18.65096626,19.16849574,18.59125132,19.06897084,10127280,192751832.78
2025-07-22,sz.300761,19.0092559,19.83531257,18.91968349,19.7059302,20386454,398097326.42
2025-07-23,sz.300761,20.04431486,20.51208189,19.53673787,19.67607273,18929258,377636661.8
2025-07-24,sz.300761,19.67607273,19.71588269,19.39740301,19.7059302,10992230,215895346.1
2025-07-25,sz.300761,19.73578767,19.88507502,19.57654783,19.57654783,8299239,164482301.53
2025-07-28,sz.300761,19.5068804,19.65616775,19.3078306,19.45711795,8255262,161724770.67
2025-07-29,sz.300761,19.45711795,19.57654783,18.96944594,19.2083057,9378714,180457058.58
2025-07-30,sz.300761,19.18840072,19.8054551,19.07892333,19.44716546,11346700,222542696.18
2025-07-31,sz.300761,19.28792562,19.6064053,19.11873329,19.21825819,8683979,168482775.98
2025-08-01,sz.300761,19.3078306,20.02440988,19.19835321,19.56659534,12733981,251675967.5
2025-08-04,sz.300761,19.57654783,19.84526506,19.46707044,19.81540759,9191653,181963889.45
2025-08-05,sz.300761,19.79550261,19.99455241,19.68602522,19.8054551,7848193,156356409.82
2025-08-06,sz.300761,19.79550261,20.1040298,19.53673787,20.08412482,9322300,185800688.66
2025-08-07,sz.300761,19.91493249,20.31303209,19.88507502,20.29312711,9405172,189855826.04
2025-08-08,sz.300761,20.39265201,20.83056157,20.2035547,20.3030796,13194892,271959376.36
2025-08-11,sz.300761,20.43246197,20.52203438,19.95474245,20.26326964,11211340,227350454.4
2025-08-12,sz.300761,20.26326964,20.94003896,20.25331715,20.41255699,10268822,211723221.0
2025-08-13,sz.300761,20.41255699,20.47227193,20.0045049,20.21350719,9330581,189237300.08
2025-08-14,sz.300761,20.18364972,20.27322213,19.76564514,19.79550261,7881790,158065771.37
2025-08-15,sz.300761,19.84526506,20.09407731,19.8054551,20.02440988,6761320,135642609.4
2025-08-18,sz.300761,20.14383976,20.29312711,19.88507502,20.15379225,13292884,267629898.24
2025-08-19,sz.300761,19.7059302,19.78555012,19.23816317,19.4073555,18570373,364189110.16
2025-08-20,sz.300761,19.4073555,19.43721297,19.06897084,19.25806815,13931070,268967426.65
2025-08-21,sz.300761,19.26802064,19.85521755,19.15854325,19.61635779,17380560,342535402.2
2025-08-22,sz.300761,19.68602522,19.8054551,19.47702293,19.65616775,9924824,195830156.3
2025-08-25,sz.300761,19.63626277,19.89502751,19.49692791,19.76564514,9676533,191823145.73
2025-08-26,sz.300761,19.76564514,20.86041904,19.58650032,20.4026045,20196913,412282282.42
2025-08-27,sz.300761,20.1040298,20.4026045,19.57654783,19.62631028,13540016,271867145.33
2025-08-28,sz.300761,19.58650032,19.7059302,18.93958847,19.27797313,13014658,252434198.13
2025-08-29,sz.300761,19.23816317,19.87512253,19.21825819,19.69597771,11814975,233401650.69
2025-09-01,sz.300761,19.7059302,19.78555012,19.39740301,19.77559763,9560164,188368641.26
2025-09-02,sz.300761,19.74574016,20.14383976,19.3078306,19.52678538,9702516,192792112.28
2025-09-03,sz.300761,19.58650032,19.72583518,18.85996855,18.86992104,8551598,164965606.3
2025-09-04,sz.300761,19.0092559,19.42726048,18.78034863,19.27797313,10863061,209539322.54
2025-09-05,sz.300761,19.26802064,19.7059302,18.97939843,19.66612024,7763702,151265717.54
2025-09-08,sz.300761,19.7059302,21.61680828,19.7059302,21.36799603,32234486,680534836.45
2025-09-09,sz.300761,21.07937382,21.2983286,20.7011792,20.94999145,14647738,308451255.96
2025-09-10,sz.300761,20.85,21.21,20.53,20.99,11617293,242019629.06
2025-09-11,sz.300761,21.66,24.1,21.35,23.92,49176913,1150743490.51
2025-09-12,sz.300761,23.17,23.79,22.84,23.18,26027682,604386745.04
2025-09-15,sz.300761,23.05,25.4,23.04,24.86,38152952,932731797.19
2025-09-16,sz.300761,24.5,25.15,23.76,24.23,18945820,458691996.65
2025-09-17,sz.300761,23.99,24.36,23.46,23.8,14211324,337419770.05
2025-09-18,sz.300761,23.78,24.08,22.42,22.68,17792518,411366646.95
2025-09-19,sz.300761,22.66,23.0,22.45,22.75,10266753,233560503.55
2025-09-22,sz.300761,22.98,22.98,22.03,22.4,9642815,214861411.75
2025-09-23,sz.300761,22.5,22.55,21.8,22.51,10117949,224280753.45
2025-09-24,sz.300761,22.37,22.97,22.2,22.71,9410751,212917883.05
2025-09-25,sz.300761,22.9,23.18,22.02,22.6,11147282,250830075.72
2025-09-26,sz.300761,22.6,23.45,22.5,22.87,12225295,280749166.95
2025-09-29,sz.300761,22.6,22.61,21.94,22.36,9590836,213673164.58
2025-09-30,sz.300761,22.36,22.44,21.51,21.71,13972311,304432427.53
2025-10-09,sz.300761,21.66,22.23,21.25,22.17,13296349,288475626.85
2025-10-10,sz.300761,22.09,23.26,21.93,22.95,16186102,367538952.44
2025-10-13,sz.300761,22.95,23.65,22.8,23.16,16607253,385166781.72
2025-10-14,sz.300761,22.85,23.89,22.62,23.25,16264391,380254919.36
2025-10-15,sz.300761,23.16,23.25,22.75,22.99,9325141,214121878.0
2025-10-16,sz.300761,22.97,23.94,22.63,22.67,11498239,267138261.8
2025-10-17,sz.300761,22.59,22.99,22.23,22.24,9192355,206879507.0
2025-10-20,sz.300761,22.22,22.34,21.9,22.0,6744817,148887769.94
2025-10-21,sz.300761,21.94,22.29,21.73,22.22,6799023,149645267.38
2025-10-22,sz.300761,22.19,22.22,21.28,21.41,9166738,197718185.26
2025-10-23,sz.300761,21.38,21.75,21.28,21.58,5100292,109685396.78
2025-10-24,sz.300761,21.55,21.88,21.36,21.48,6323040,136565354.8
2025-10-27,sz.300761,21.52,22.45,21.39,22.15,8790880,193638904.05
2025-10-28,sz.300761,22.15,22.19,21.4,21.57,8719026,189964327.56
2025-10-29,sz.300761,21.57,21.57,21.24,21.32,6377555,136408692.35
2025-10-30,sz.300761,21.32,21.32,20.62,20.65,9215032,192316485.34
2025-10-31,sz.300761,20.66,21.22,20.66,20.93,7351906,154167817.86
2025-11-03,sz.300761,21.0,21.7,20.92,21.44,7794440,166776489.6
2025-11-04,sz.300761,21.52,21.52,20.69,20.86,5613322,118060959.92
2025-11-05,sz.300761,20.79,21.18,20.68,21.01,4349673,91371856.93
2025-11-06,sz.300761,20.97,21.46,20.8,21.28,5128360,108718205.8
2025-11-07,sz.300761,21.28,21.52,20.68,20.7,8947895,187551839.2
2025-11-10,sz.300761,20.65,21.85,20.46,21.62,11593755,246616034.95
2025-11-11,sz.300761,21.57,21.63,21.26,21.61,5869980,125913890.2
2025-11-12,sz.300761,21.85,21.87,21.15,21.43,5759234,123460960.2
2025-11-13,sz.300761,21.38,21.9,21.24,21.83,7308034,158276617.98
2025-11-14,sz.300761,21.89,22.33,21.2,21.2,7808600,169274376.38
2025-11-17,sz.300761,21.11,21.35,20.49,20.5,9106489,188432215.14
2025-11-18,sz.300761,20.68,20.68,20.34,20.45,4844534,99233750.0
2025-11-19,sz.300761,20.55,21.01,20.25,20.84,6882090,141989764.78
2025-11-20,sz.300761,20.91,20.99,20.14,20.39,6323294,129042568.18
2025-11-21,sz.300761,20.39,20.76,19.98,19.99,7669917,155730673.91
2025-11-24,sz.300761,19.99,20.99,19.99,20.44,11315382,234263834.05
2025-11-25,sz.300761,20.43,20.7,20.18,20.62,8110675,166557315.3
2025-11-26,sz.300761,20.6,20.89,20.26,20.39,5540285,113422600.95
2025-11-27,sz.300761,20.38,20.75,20.19,20.29,6635909,135872962.0
2025-11-28,sz.300761,20.27,20.74,20.12,20.66,6520729,133258729.55
2025-12-01,sz.300761,20.66,20.75,20.42,20.64,5134730,105546783.2
2025-12-02,sz.300761,20.54,20.99,20.2,20.35,6336852,129849580.76
2025-12-03,sz.300761,20.32,20.49,19.83,19.99,5901765,118276401.05
2025-12-04,sz.300761,19.96,20.14,19.76,19.91,5242535,104409991.36
2025-12-05,sz.300761,19.9,20.1,19.78,20.03,3526303,70296636.47
2025-12-08,sz.300761,20.04,20.2,19.8,20.14,4559742,91145624.46
2025-12-09,sz.300761,20.15,20.57,19.93,19.93,5853291,118051490.23
2025-12-10,sz.300761,20.02,20.48,19.91,20.19,5595813,113071158.84
2025-12-11,sz.300761,20.12,20.18,19.6,19.72,7574600,149599079.92
2025-12-12,sz.300761,19.76,20.39,19.63,20.36,11498488,231350093.39
2025-12-15,sz.300761,20.33,20.91,20.18,20.39,7520067,154917185.63
2025-12-16,sz.300761,20.38,20.66,20.24,20.42,5336600,108969041.0
2025-12-17,sz.300761,21.0,21.0,19.8,20.29,10610092,214089874.68
2025-12-18,sz.300761,19.83,20.35,19.8,20.11,5925432,119324462.5
2025-12-19,sz.300761,20.13,20.5,19.86,20.35,6738888,135953533.46
2025-12-22,sz.300761,20.24,20.55,20.15,20.3,4903511,99630979.64
2025-12-23,sz.300761,20.3,20.42,19.92,19.98,4870689,97887600.05
2025-12-24,sz.300761,19.91,19.98,19.6,19.88,6168700,121961836.0
2025-12-25,sz.300761,19.87,20.37,19.84,20.27,6067120,122298651.71
2025-12-26,sz.300761,20.29,20.51,20.2,20.3,5459180,110962503.4
2025-12-29,sz.300761,20.21,20.68,20.02,20.52,7657735,156656227.43
2025-12-30,sz.300761,20.52,21.09,20.38,20.78,9088346,188414552.47
2025-12-31,sz.300761,20.71,20.96,20.58,20.75,5374883,111383413.82
2026-01-05,sz.300761,20.66,20.8,20.35,20.72,7250053,149234497.43
2026-01-06,sz.300761,20.69,20.93,20.45,20.81,10122365,209409274.93
2026-01-07,sz.300761,20.73,21.1,20.52,20.63,8038440,166759784.4
2026-01-08,sz.300761,20.56,21.13,20.45,20.79,7713423,161063606.64
2026-01-09,sz.300761,20.86,21.41,20.83,21.19,10076856,213884844.64
2026-01-12,sz.300761,21.3,21.35,20.88,21.1,11363925,238430949.36
2026-01-13,sz.300761,21.05,21.19,20.52,20.63,10242948,212933679.48
2026-01-14,sz.300761,20.63,20.8,20.4,20.5,12368045,254526331.4
2026-01-15,sz.300761,20.5,20.86,20.45,20.54,6185717,127670075.39
2026-01-16,sz.300761,20.52,20.73,19.94,20.13,10331237,209409473.48
2026-01-19,sz.300761,20.1,20.42,20.06,20.13,5312851,107401774.4
2026-01-20,sz.300761,20.07,20.29,19.77,19.83,8281557,165617496.26
2026-01-21,sz.300761,19.84,19.96,19.42,19.56,8492990,167378118.73
2026-01-22,sz.300761,19.57,19.62,19.33,19.51,6927100,134951097.09
2026-01-23,sz.300761,19.49,19.7,19.48,19.57,8666288,169618664.84
2026-01-26,sz.300761,19.58,19.8,19.17,19.73,10892240,212254745.0
2026-01-27,sz.300761,19.68,19.71,18.81,19.21,13815515,263994067.81
2026-01-28,sz.300761,19.1,19.92,18.92,19.61,11516985,223322735.26
2026-01-29,sz.300761,19.4,19.83,19.33,19.78,9967818,195858132.27
2026-01-30,sz.300761,19.75,20.76,19.62,20.11,19242267,390531454.8
2026-02-02,sz.300761,19.78,19.93,19.27,19.27,10371175,203255903.34
2026-02-03,sz.300761,19.41,19.5,19.05,19.46,6211818,119958952.85
2026-02-04,sz.300761,19.58,19.93,19.27,19.84,8208270,161216638.69
2026-02-05,sz.300761,19.8,20.29,19.73,19.85,7240300,144696229.2
2026-02-06,sz.300761,19.71,20.49,19.63,20.18,9725982,196451197.9
2026-02-09,sz.300761,20.22,20.55,20.03,20.31,5677982,115059854.36
2026-02-10,sz.300761,20.35,20.37,20.06,20.13,4286465,86352862.44
2026-02-11,sz.300761,20.13,20.28,20.0,20.17,4004160,80688062.0
2026-02-12,sz.300761,20.16,20.16,19.67,19.68,5962660,118349293.0
2026-02-13,sz.300761,19.81,20.19,19.66,19.67,5543843,110597749.15
2026-02-24,sz.300761,19.85,19.85,19.46,19.48,4837285,94649856.85
2026-02-25,sz.300761,19.48,19.83,19.46,19.58,4837020,95118021.2
2026-02-26,sz.300761,19.7,19.97,19.57,19.74,6178955,121956609.16
2026-02-27,sz.300761,19.73,20.69,19.66,20.65,15074266,307208978.38
2026-03-02,sz.300761,20.39,21.04,20.33,20.79,10744502,222985863.18
2026-03-03,sz.300761,20.78,21.16,20.49,20.6,12930408,269435154.4
2026-03-04,sz.300761,20.54,21.3,20.52,20.83,14745860,308005323.4
2026-03-05,sz.300761,20.99,21.0,19.81,19.98,13812975,279091436.61
2026-03-06,sz.300761,20.01,21.43,19.93,21.29,16352094,340431549.68
