date,code,open,high,low,close,volume,amount
2023-01-03,sz.301004,19.08445398,21.01999698,19.04574312,20.86515354,2436224,76698566.6
2023-01-04,sz.301004,21.28452119,21.32323205,20.56837028,21.20064766,1955029,63610685.77
2023-01-05,sz.301004,21.20709947,21.82002142,21.18774404,21.6780816,1686408,56382699.92
2023-01-06,sz.301004,21.6780816,22.05873839,21.39420196,21.8071178,1663017,56101223.06
2023-01-09,sz.301004,21.69098522,22.3232626,21.62001531,22.05873839,1960296,66803695.68
2023-01-10,sz.301004,22.22003364,22.44584699,21.64582255,22.31035898,1281105,43963115.39
2023-01-11,sz.301004,22.3232626,23.66523908,22.00712391,23.52329926,1806444,64829524.62
2023-01-12,sz.301004,23.226516,23.226516,21.96841305,22.11035287,1925587,67210370.37
2023-01-13,sz.301004,22.14261192,22.7103712,21.8071178,22.6458531,1269849,44110379.5
2023-01-16,sz.301004,22.7103712,22.71682301,22.1297083,22.29100355,1371186,47532247.86
2023-01-17,sz.301004,22.55552776,22.91037731,22.29745536,22.67166034,1217550,42659456.98
2023-01-18,sz.301004,22.67811215,23.33619677,22.3877807,22.65875672,1492672,52716316.8
2023-01-19,sz.301004,22.45875061,22.69746758,22.24584088,22.36197346,1349838,46938385.82
2023-01-20,sz.301004,22.61359405,22.84585921,22.10390106,22.50391328,1507510,52454174.32
2023-01-30,sz.301004,22.22003364,22.82005197,22.22003364,22.50391328,1390055,48591751.66
2023-01-31,sz.301004,24.56204067,25.0330228,21.13612956,21.58775626,4906524,167439558.78
2023-02-01,sz.301004,21.72324427,21.98776848,21.36194291,21.81356961,3772304,126436978.5
2023-02-02,sz.301004,21.74905151,22.47810604,21.71679246,21.84582866,2770884,95002380.25
2023-02-03,sz.301004,21.86518409,21.94905762,21.290973,21.72324427,1660274,55510837.67
2023-02-06,sz.301004,21.7425997,22.14906373,21.19419585,21.21355128,2471185,82851272.75
2023-02-07,sz.301004,21.290973,21.43291282,21.19419585,21.40710558,1137759,37624950.82
2023-02-08,sz.301004,21.3554911,21.51678635,21.12967775,21.20064766,942500,31126975.0
2023-02-09,sz.301004,21.13612956,21.40065377,20.82644268,21.37484653,993800,32642830.0
2023-02-10,sz.301004,21.37484653,21.95550943,21.31032843,21.56840083,1481818,49586477.76
2023-02-13,sz.301004,21.53614178,22.55552776,21.45872006,22.37487708,2340277,80514582.64
2023-02-14,sz.301004,22.37487708,22.37487708,21.8716359,22.05228658,1578557,54017383.68
2023-02-15,sz.301004,22.16841916,22.16841916,21.5490454,21.78776237,1715891,57825576.13
2023-02-16,sz.301004,21.71679246,21.92970219,20.72321372,20.84579811,1497838,49599316.86
2023-02-17,sz.301004,20.8393463,21.36194291,20.65224381,20.67805105,1263312,40949029.48
2023-02-20,sz.301004,20.73611734,21.290973,20.34255693,21.26516576,1196425,39014277.8
2023-02-21,sz.301004,21.26516576,21.45226825,21.11032232,21.20709947,951088,31343262.04
2023-02-22,sz.301004,21.290973,21.8071178,21.07161146,21.70388884,1463400,48866989.0
2023-02-23,sz.301004,21.72969608,22.31681079,21.55549721,21.96841305,1513032,51593212.95
2023-02-24,sz.301004,21.82647323,22.31681079,21.65872617,22.31035898,1556784,53298002.94
2023-02-27,sz.301004,22.31035898,22.31035898,21.6780816,21.69098522,1073100,36404258.54
2023-02-28,sz.301004,21.60711169,22.08454563,21.60711169,22.08454563,1120246,37944628.28
2023-03-01,sz.301004,22.08454563,22.11035287,21.65227436,21.94905762,1358900,46024825.0
2023-03-02,sz.301004,21.94905762,22.82650378,21.72969608,22.3232626,2419072,84088376.86
2023-03-03,sz.301004,22.25229269,22.3232626,21.34258748,21.4845273,2603573,87172580.2
2023-03-06,sz.301004,21.63291893,21.86518409,21.12967775,21.40710558,1477929,49154205.59
2023-03-07,sz.301004,21.32323205,21.56840083,20.98128612,21.07161146,1471460,48402562.0
2023-03-08,sz.301004,20.93612345,21.28452119,20.7103101,20.87160535,1193476,38594708.16
2023-03-09,sz.301004,20.89741259,21.1619368,20.66514743,21.07161146,1022083,33225913.14
2023-03-10,sz.301004,20.96193069,21.82002142,20.5167558,20.65224381,1908688,62326988.66
2023-03-13,sz.301004,20.645792,21.37484653,20.42643046,20.87160535,1788308,57976935.5
2023-03-14,sz.301004,20.68450286,20.82644268,20.21352073,20.24577978,1301609,41157052.57
2023-03-15,sz.301004,20.24577978,20.59417752,20.18126168,20.24577978,812448,25656595.5
2023-03-16,sz.301004,20.10383996,20.3232015,20.01351462,20.04577367,880334,27502443.62
2023-03-17,sz.301004,20.14900263,20.47804494,19.69737593,19.76189403,1112244,34469453.28
2023-03-20,sz.301004,19.72963498,19.8715748,19.06509855,19.75544222,1497177,45308041.97
2023-03-21,sz.301004,19.75544222,20.38126779,19.56188792,20.24577978,1062000,32967735.27
2023-03-22,sz.301004,20.3232015,20.92321983,20.16835806,20.21352073,1222044,38935136.67
2023-03-23,sz.301004,20.11674358,20.36836417,19.65866507,19.77479765,972222,30126633.31
2023-03-24,sz.301004,19.81350851,20.03932186,19.65221326,19.71027955,794915,24394757.01
2023-03-27,sz.301004,19.91028566,19.91028566,19.20058656,19.62640602,949933,28746001.49
2023-03-28,sz.301004,19.67156869,19.81996032,19.2909119,19.59414697,900800,27323503.0
2023-03-29,sz.301004,19.49736982,19.79415308,19.35543,19.4199481,1022680,30966010.34
2023-03-30,sz.301004,19.47156258,19.72318317,19.31026733,19.69092412,860651,26126793.61
2023-03-31,sz.301004,19.6135024,20.37481598,19.5489843,20.0651291,1220116,37925987.61
2023-04-03,sz.301004,19.95544833,20.14900263,19.56188792,19.69092412,1416734,43353481.74
2023-04-04,sz.301004,19.78124946,19.78124946,18.9683214,19.2263938,1433486,42884227.36
2023-04-06,sz.301004,19.0973576,19.71027955,19.05219493,19.4199481,1205527,36304285.49
2023-04-07,sz.301004,19.29736371,20.23932797,19.24574923,20.15545444,1325552,40837314.42
2023-04-10,sz.301004,20.24577978,20.41352684,19.58124335,20.20061711,1337357,41704598.4
2023-04-11,sz.301004,20.10383996,20.38126779,19.90383385,20.17480987,1089030,34060762.42
2023-04-12,sz.301004,20.17480987,20.46514132,20.04577367,20.20706892,887410,27840199.88
2023-04-13,sz.301004,20.29094245,20.3232015,19.87802661,19.95544833,767986,23911783.94
2023-04-14,sz.301004,19.98770738,20.36191236,19.90383385,20.0651291,808500,25247344.92
2023-04-17,sz.301004,20.18771349,20.58772571,19.9360929,20.5812739,1110554,35096043.79
2023-04-18,sz.301004,20.4522377,20.72321372,20.29094245,20.60062933,837648,26641778.6
2023-04-19,sz.301004,20.36191236,20.8393463,20.3232015,20.5812739,946805,30226721.96
2023-04-20,sz.301004,20.63934019,20.74256915,20.21352073,20.54901485,865077,27431066.3
2023-04-21,sz.301004,20.54901485,20.73611734,19.94254471,20.05867729,1238200,38795099.0
2023-04-24,sz.301004,20.05222548,20.24577978,19.6780205,20.23287616,970207,30005171.4
2023-04-25,sz.301004,20.22642435,21.27806938,19.36833362,21.27806938,2853991,88788944.02
2023-04-26,sz.301004,21.69743703,21.90389495,18.07151981,18.98122502,7031070,209202874.76
2023-04-27,sz.301004,18.26507411,18.79412253,18.16184515,18.23281506,3767301,107484577.42
2023-04-28,sz.301004,18.2586223,19.35543,18.2586223,18.61992366,2988718,87608582.12
2023-05-04,sz.301004,18.54895375,18.87799606,18.1941042,18.33604402,2539854,72763687.45
2023-05-05,sz.301004,18.27797773,18.41346574,17.66505578,17.91022456,1770632,49092488.96
2023-05-08,sz.301004,18.0005499,18.63927909,17.85861008,17.98764628,1914715,54051452.83
2023-05-09,sz.301004,17.89732094,18.2586223,17.23278451,17.26504356,1681700,45739301.28
2023-05-10,sz.301004,17.21988089,17.61989311,17.19407365,17.36182071,1157991,31230066.89
2023-05-11,sz.301004,17.39407976,18.14894153,17.39407976,17.96829085,1480579,40951082.18
2023-05-12,sz.301004,17.96829085,19.45865896,17.95538723,18.92315873,3121300,91702445.47
2023-05-15,sz.301004,18.76186348,21.0974187,18.76186348,20.62643657,4419935,138827998.77
2023-05-16,sz.301004,20.63288838,21.00709336,20.42643046,20.70385829,2940708,94469264.17
2023-05-17,sz.301004,20.645792,20.645792,19.89093023,19.97480376,1983612,61768526.28
2023-05-18,sz.301004,19.92318928,20.56191847,19.69737593,20.28449064,1838217,57334153.06
2023-05-19,sz.301004,20.20706892,20.645792,19.9360929,20.24577978,866334,27125631.58
2023-05-22,sz.301004,20.31029788,20.73611734,20.0651291,20.66514743,1379100,43803695.0
2023-05-23,sz.301004,20.63934019,21.15548499,20.49094856,20.51030399,985900,31668906.0
2023-05-24,sz.301004,20.54901485,21.21355128,20.3232015,20.98128612,1362412,43974938.0
2023-05-25,sz.301004,20.84579811,20.88450897,20.23287616,20.54901485,1257200,40008939.0
2023-05-26,sz.301004,20.43933408,21.18774404,20.23287616,20.84579811,1554714,50146219.48
2023-05-29,sz.301004,21.07161146,21.58775626,20.645792,20.87160535,1406024,45841643.72
2023-05-30,sz.301004,21.02644879,21.18129223,20.61353295,21.11032232,1066300,34591374.0
2023-05-31,sz.301004,21.10387051,21.43291282,21.00709336,21.43291282,1345356,44377618.86
2023-06-01,sz.301004,21.36839472,22.8394074,21.15548499,22.7103712,3765409,129983921.34
2023-06-02,sz.301004,22.74263025,23.96847415,22.27164812,23.1619979,3547696,127692739.72
2023-06-05,sz.301004,23.1619979,23.96202234,22.83295559,23.83298614,2554307,93119309.74
2023-06-06,sz.301004,23.871697,24.13622121,23.05876894,23.32329315,1504914,54972356.32
2023-06-07,sz.301004,23.79427528,23.79427528,22.62004586,23.23296781,1630028,58488429.56
2023-06-08,sz.301004,23.22635,23.4586135,22.56274,22.7087342,1659428,57279948.2
2023-06-09,sz.301004,22.828184,23.4519774,22.7020981,22.9476338,1065503,37035739.85
2023-06-12,sz.301004,23.1268085,23.359072,22.5826483,22.9011811,979575,33960860.6
2023-06-13,sz.301004,22.8082757,23.1268085,22.6821898,22.9011811,693100,23900355.0
2023-06-14,sz.301004,23.2130778,23.2130778,22.56274,22.828184,780928,26819633.2
2023-06-15,sz.301004,22.828184,23.3922525,22.3503848,22.9277255,1644048,56632643.12
2023-06-16,sz.301004,23.0206309,25.0247331,22.695462,23.6975131,2099453,76116975.12
2023-06-19,sz.301004,23.7904185,24.221765,23.4586135,23.6842409,1192600,42737782.82
2023-06-20,sz.301004,23.8036907,23.9695932,23.4718857,23.690877,820681,29313547.99
2023-06-21,sz.301004,23.6046077,24.2018567,23.425433,23.6576965,1063961,38243001.33
2023-06-26,sz.301004,23.6046077,24.5336617,23.5913355,24.1288596,1215825,44015828.74
2023-06-27,sz.301004,24.1288596,24.9650082,24.0094098,24.9583721,1456566,54116108.78
2023-06-28,sz.301004,24.8455584,25.2039078,23.9695932,24.6929281,1444961,53459036.43
2023-06-29,sz.301004,25.150819,25.615346,24.5004812,25.416263,1151770,43895919.79
2023-06-30,sz.301004,25.416263,26.1727784,24.9915526,25.748068,1347268,52132758.35
2023-07-03,sz.301004,25.7414319,26.2391394,24.9052833,25.2105439,1723255,66025719.1
2023-07-04,sz.301004,25.3366298,25.7878846,25.2105439,25.5688933,930961,35862011.48
2023-07-05,sz.301004,25.548985,26.146234,25.2503605,25.7746124,778590,30211925.8
2023-07-06,sz.301004,25.7746124,26.6638498,25.5158045,26.212595,1017307,40257551.52
2023-07-07,sz.301004,26.2059589,26.4979473,25.7347958,25.9803315,866904,33832798.4
2023-07-10,sz.301004,25.9803315,26.0400564,24.9716443,25.1839995,1388570,52803723.2
2023-07-11,sz.301004,25.0446414,25.3963547,24.7991057,25.1375468,910107,34289667.94
2023-07-12,sz.301004,25.2039078,25.2039078,24.752653,24.7791974,618487,23223015.94
2023-07-13,sz.301004,24.7858335,24.7924696,24.1354957,24.2947621,1260169,46182261.1
2023-07-14,sz.301004,24.3345787,24.4606646,24.0558625,24.1155874,525000,19186138.0
2023-07-17,sz.301004,24.1686762,24.2084928,23.4785218,23.9895015,787663,28299466.07
2023-07-18,sz.301004,23.9895015,24.4473924,23.6975131,24.1421318,1043500,37873116.65
2023-07-19,sz.301004,24.1421318,24.5469339,23.9828654,24.4540285,762900,27932785.0
2023-07-20,sz.301004,24.4075758,24.686292,24.1222235,24.1686762,940308,34546425.17
2023-07-21,sz.301004,24.4142119,25.7812485,24.1023152,25.3299937,1740463,66085724.55
2023-07-24,sz.301004,25.1242746,25.7347958,24.6000227,25.7215236,1222000,46471878.0
2023-07-25,sz.301004,25.4627157,25.748068,23.9364127,24.8787389,1957530,72310990.0
2023-07-26,sz.301004,24.5402978,24.5801144,23.88996,24.2814899,1030700,37535878.95
2023-07-27,sz.301004,24.288126,24.3743953,23.6046077,23.7439658,949581,34169435.18
2023-07-28,sz.301004,23.9231405,24.1288596,23.6643326,23.7904185,682442,24549180.28
2023-07-31,sz.301004,23.7904185,23.9895015,23.0339031,23.3988886,1427313,50339571.72
2023-08-01,sz.301004,23.4055247,23.4121608,22.9277255,23.1931695,732300,25505865.0
2023-08-02,sz.301004,23.1931695,23.558155,22.9343616,23.2197139,796000,27829648.0
2023-08-03,sz.301004,23.2064417,23.4652496,23.0139948,23.3325276,662354,23220718.45
2023-08-04,sz.301004,23.22635,23.8036907,23.1135363,23.5979716,790700,27938874.0
2023-08-07,sz.301004,23.5979716,24.1487679,23.2595305,23.3856164,744156,26419262.84
2023-08-08,sz.301004,23.3856164,23.6776048,23.1533529,23.6709687,550308,19422202.2
2023-08-09,sz.301004,23.6709687,23.6709687,23.1666251,23.3723442,594900,20938371.16
2023-08-10,sz.301004,23.359072,23.6576965,22.7153703,23.624516,563846,19839192.46
2023-08-11,sz.301004,23.7174214,24.1155874,23.4851579,23.9629571,820267,29528140.26
2023-08-14,sz.301004,23.9895015,24.819014,23.425433,24.8123779,1209514,44207482.0
2023-08-15,sz.301004,24.7659252,25.3963547,24.55357,25.3233576,1480843,56149112.98
2023-08-16,sz.301004,26.6837581,29.6368226,26.2524116,26.6240332,7104729,295434537.84
2023-08-17,sz.301004,26.8961133,28.5219578,26.6505776,27.8450756,5588375,231280631.12
2023-08-18,sz.301004,27.4535457,28.004342,26.6970303,26.809844,3671430,150732150.24
2023-08-21,sz.301004,27.0819241,27.7986229,26.876205,27.1615573,2421064,99785931.34
2023-08-22,sz.301004,27.3938208,28.4224163,27.340732,28.0176142,2636140,110520195.2
2023-08-23,sz.301004,27.8848922,27.937981,26.876205,27.1217407,1937797,79826967.74
2023-08-24,sz.301004,27.274371,27.606176,26.8032079,26.9492021,1402028,57460352.96
2023-08-25,sz.301004,26.8297523,27.3938208,26.5775805,26.7832996,1590996,64659695.56
2023-08-28,sz.301004,27.7123536,28.203425,26.6240332,27.5929038,1916101,79218151.8
2023-08-29,sz.301004,27.1748295,29.265201,27.0620158,29.2452927,3052022,131280132.16
2023-08-30,sz.301004,28.6745881,29.5041006,28.5684105,29.19884,1487360,65223108.13
2023-08-31,sz.301004,29.1922039,29.8757222,28.9798487,29.0130292,1115810,49380966.47
2023-09-01,sz.301004,29.0196653,29.729728,28.7741296,29.6102782,1393869,61615640.49
2023-09-04,sz.301004,29.9686276,31.654197,29.331562,31.3688447,2423014,111627177.06
2023-09-05,sz.301004,31.455114,32.185085,30.791504,31.056948,1472903,69048596.61
2023-09-06,sz.301004,31.056948,32.1319962,31.0038592,31.8400078,1392630,66559321.6
2023-09-07,sz.301004,31.8400078,32.1718128,30.791504,30.9308621,1232220,57984451.67
2023-09-08,sz.301004,30.8711372,31.1763978,30.2805243,30.7450513,920400,42451413.0
2023-09-11,sz.301004,30.7052347,31.0967646,30.0416247,30.7118708,936383,43033680.9
2023-09-12,sz.301004,30.9175899,31.0171314,30.2407077,30.4066102,746300,34285093.0
2023-09-13,sz.301004,30.4464268,30.7052347,30.1478023,30.5061517,561456,25749859.28
2023-09-14,sz.301004,30.4198824,30.5658766,29.9752637,30.2008911,568007,25870375.41
2023-09-15,sz.301004,30.4729712,30.725143,30.0748052,30.3800658,474499,21720474.1
2023-09-18,sz.301004,30.1411662,30.990587,29.995172,30.5990571,733557,33808524.97
2023-09-19,sz.301004,30.6322376,30.7185069,30.0283525,30.127894,490929,22375076.66
2023-09-20,sz.301004,30.0283525,30.393338,29.86245,29.928811,522800,23697702.0
2023-09-21,sz.301004,29.2121122,29.796089,29.0462097,29.0462097,1058400,46762061.0
2023-09-22,sz.301004,29.0462097,29.5837338,28.8803072,29.4244674,908512,40177121.6
2023-09-25,sz.301004,29.4443757,30.0880774,29.2054761,29.4377396,861200,38436506.0
2023-09-26,sz.301004,29.4377396,30.2340716,29.3381981,29.5638255,791097,35545234.54
2023-09-27,sz.301004,29.7230919,30.5127878,29.19884,29.9619915,926012,41761875.2
2023-09-28,sz.301004,30.127894,30.5194239,29.7230919,29.9089027,903600,41046441.0
2023-10-09,sz.301004,29.928811,29.9619915,28.8537628,29.6036421,1208556,53379714.4
2023-10-10,sz.301004,29.86245,29.928811,28.8537628,29.0926624,810353,35638680.92
2023-10-11,sz.301004,29.19884,29.19884,28.5086856,28.6878603,754200,32737511.0
2023-10-12,sz.301004,28.9732126,29.066118,28.6281354,28.867035,584700,25403627.0
2023-10-13,sz.301004,28.5883188,28.8205823,28.3825997,28.5949549,536500,23072177.0
2023-10-16,sz.301004,29.0528458,29.796089,28.3693275,29.3381981,1495741,65270521.3
2023-10-17,sz.301004,29.265201,30.8910455,29.2054761,30.5459683,1647189,75081360.87
2023-10-18,sz.301004,30.3601575,30.3601575,29.0793902,29.1523873,1196912,53198626.15
2023-10-19,sz.301004,28.9400321,29.5903699,28.7542213,29.0130292,614800,27054178.48
2023-10-20,sz.301004,28.8205823,29.2851093,28.2498777,28.53523,575608,24769043.42
2023-10-23,sz.301004,28.53523,29.7761807,28.0773391,28.3427831,616462,26404064.8
2023-10-24,sz.301004,28.3228748,30.592421,28.1835167,30.2008911,1052500,46901225.98
2023-10-25,sz.301004,30.6455098,30.6455098,28.6082271,29.597006,1719668,75958611.92
2023-10-26,sz.301004,29.1523873,30.194255,28.734313,29.8292695,974456,43220903.2
2023-10-27,sz.301004,29.86245,30.0416247,26.5444,27.4402735,2680480,112055268.61
2023-10-30,sz.301004,27.5132706,29.4244674,27.5132706,28.800674,2349678,101970410.16
2023-10-31,sz.301004,28.8073101,29.1789317,28.269786,28.3958719,1374592,58977897.2
2023-11-01,sz.301004,28.4157802,30.7715957,28.269786,30.393338,2186100,98189327.79
2023-11-02,sz.301004,30.459699,30.7715957,29.729728,29.8558139,1089710,49371850.3
2023-11-03,sz.301004,29.8558139,30.393338,29.7496363,30.061533,798089,36207974.22
2023-11-06,sz.301004,29.86245,30.1013496,29.2054761,29.4974645,1436136,63707438.43
2023-11-07,sz.301004,29.19884,30.3468853,29.19884,30.1146218,913447,41004263.19
2023-11-08,sz.301004,30.0349886,30.4928795,29.663367,30.260616,972600,44208453.33
2023-11-09,sz.301004,30.857865,30.9839509,30.1809828,30.3203409,766297,35195295.02
2023-11-10,sz.301004,30.1743467,30.1809828,29.6169143,29.8491778,604008,27172012.64
2023-11-13,sz.301004,29.8491778,30.3203409,29.6766392,29.86245,533787,23992569.97
2023-11-14,sz.301004,29.8956305,30.0681691,29.5638255,29.8823583,551400,24765122.0
2023-11-15,sz.301004,30.1079857,30.3734297,29.8558139,30.2008911,760700,34574277.88
2023-11-16,sz.301004,30.194255,30.194255,29.7828168,29.8491778,351600,15876051.0
2023-11-17,sz.301004,29.9619915,30.1610745,29.6700031,30.061533,511700,23091306.0
2023-11-20,sz.301004,30.194255,30.4796073,29.8690861,30.4265185,618500,28126504.0
2023-11-21,sz.301004,30.52606,32.5567066,30.52606,31.2294866,1945201,92474056.46
2023-11-22,sz.301004,31.0104953,31.1697617,29.530645,29.6235504,1487100,67173336.3
2023-11-23,sz.301004,29.5372811,30.4928795,29.4045591,30.3800658,974297,44104494.54
2023-11-24,sz.301004,30.459699,30.5857849,29.663367,29.8159973,635601,28766191.86
2023-11-27,sz.301004,29.729728,30.0283525,29.530645,29.6235504,535107,23961396.35
2023-11-28,sz.301004,29.7098197,30.4265185,29.4908284,30.0349886,570439,25784108.24
2023-11-29,sz.301004,30.0349886,30.3734297,29.8558139,30.1876189,583623,26480715.8
2023-11-30,sz.301004,30.0814413,30.4995156,29.928811,30.2274355,481500,21893304.0
2023-12-01,sz.301004,30.3867019,31.786919,30.1146218,31.6475609,1190300,55797586.0
2023-12-04,sz.301004,31.786919,32.2249016,31.3157559,31.8134634,1148100,54859860.0
2023-12-05,sz.301004,31.8134634,31.9130049,30.9640426,30.9640426,682800,32276525.0
2023-12-06,sz.301004,30.857865,31.521475,30.061533,30.1876189,1043323,48291912.2
2023-12-07,sz.301004,30.194255,30.4066102,28.4290524,28.9533043,1823797,79881697.2
2023-12-08,sz.301004,29.132479,29.7629085,28.4555968,28.7210408,1501178,65312729.94
2023-12-11,sz.301004,28.7144047,29.4974645,28.53523,28.999757,1115428,48871060.52
2023-12-12,sz.301004,28.8471267,29.19884,28.7077686,29.0063931,560528,24470739.28
2023-12-13,sz.301004,28.9201238,29.3182898,28.5949549,28.8935794,523900,22821478.0
2023-12-14,sz.301004,28.9599404,29.2784732,28.800674,28.800674,565700,24761252.0
2023-12-15,sz.301004,28.8803072,29.3249259,28.6148632,28.7940379,433600,18870755.36
2023-12-18,sz.301004,29.0462097,29.5107367,28.5883188,28.8603989,1152300,50511505.5
2023-12-19,sz.301004,28.7608574,29.0528458,28.6347715,28.7807657,780500,33861303.0
2023-12-20,sz.301004,28.8803072,29.2054761,28.7940379,28.933396,887000,38798089.0
2023-12-21,sz.301004,28.9533043,29.4244674,28.1901528,29.3581064,782206,34072798.74
2023-12-22,sz.301004,29.530645,29.7894529,28.867035,28.9665765,827130,36560619.0
2023-12-25,sz.301004,29.0263014,29.2983815,28.5551383,29.1391151,718840,31381719.6
2023-12-26,sz.301004,28.8935794,29.2121122,28.7409491,28.8935794,813540,35496543.4
2023-12-27,sz.301004,28.8935794,29.1656595,28.6082271,29.1192068,597380,26019117.6
2023-12-28,sz.301004,28.9599404,29.3846508,28.734313,29.1258429,781639,34248536.86
2023-12-29,sz.301004,29.1192068,30.260616,28.9201238,30.1610745,883163,39582005.0
2024-01-02,sz.301004,30.260616,31.5612916,30.260616,31.0635841,1461310,68729893.3
2024-01-03,sz.301004,30.9706787,31.3423003,29.9155388,30.3535214,1068700,49090024.0
2024-01-04,sz.301004,30.326977,31.2892115,30.0548969,31.1697617,890753,41314672.28
2024-01-05,sz.301004,31.322392,31.6475609,30.7118708,30.9773148,783352,36784470.28
2024-01-08,sz.301004,30.9839509,31.1763978,30.4198824,30.725143,645500,29990695.0
2024-01-09,sz.301004,31.0104953,32.4107124,30.6189654,32.2381738,1354053,64611213.37
2024-01-10,sz.301004,32.2381738,32.2381738,31.3024837,31.7271941,1212800,57902929.32
2024-01-11,sz.301004,31.7338302,33.313222,31.2958476,33.2999498,1465799,72516412.7
2024-01-12,sz.301004,33.2933137,35.3903213,32.9880531,34.7598918,1636897,84853797.76
2024-01-15,sz.301004,34.972247,41.7145246,34.640442,40.2612187,4017488,232475244.05
2024-01-16,sz.301004,40.3740324,43.1213778,38.3102053,40.48021,4013216,242281933.14
2024-01-17,sz.301004,40.8916482,48.576252,39.8232361,47.9856391,6933062,467744990.97
2024-01-18,sz.301004,46.4527,46.4527,41.80743,44.7074057,5604247,371975324.95
2024-01-19,sz.301004,45.12548,48.5297993,43.5195438,45.7559095,5957554,414368747.92
2024-01-22,sz.301004,43.7916239,46.3730668,39.8166,40.9845536,5970813,383324109.02
2024-01-23,sz.301004,39.7966917,40.48021,38.1376667,39.1596261,4651137,274309527.43
2024-01-24,sz.301004,38.9605431,41.9733325,38.9605431,39.7635112,3788173,230539748.15
2024-01-25,sz.301004,38.8543655,40.9115565,38.4097468,39.8298722,3382757,202592592.27
2024-01-26,sz.301004,39.8298722,39.949322,37.626687,37.9054032,3417433,199340085.53
2024-01-29,sz.301004,37.8456783,40.1351328,36.830355,38.6950991,4006400,230979876.0
2024-01-30,sz.301004,38.7946406,39.5445199,36.697633,36.697633,2562400,145501572.14
2024-01-31,sz.301004,36.9962575,37.7925895,35.6159487,35.6756736,1997236,109509843.9
2024-02-01,sz.301004,35.6756736,36.3459197,34.839525,35.6823097,1592250,85767694.0
2024-02-02,sz.301004,35.6823097,36.6644525,33.4193996,34.8063445,1709481,90797179.2
2024-02-05,sz.301004,33.8507461,34.50772,31.8466439,33.3596747,2284292,114288361.16
2024-02-06,sz.301004,32.1917211,37.2019766,31.8731883,36.1999255,2691112,141561827.87
2024-02-07,sz.301004,36.432189,37.5802343,35.2575993,35.7884873,2787949,152534885.25
2024-02-08,sz.301004,36.3459197,39.8166,35.7088541,38.1841194,2723125,155812129.7
2024-02-19,sz.301004,38.356658,40.1351328,38.356658,39.2458954,2263420,133678761.26
2024-02-20,sz.301004,38.6088298,39.1994427,37.4408762,38.7083713,1579000,90955244.36
2024-02-21,sz.301004,38.3898385,40.612932,37.626687,39.6639697,1850989,109953314.75
2024-02-22,sz.301004,39.2525315,39.7170585,38.48938,39.2259871,1169486,68672970.95
2024-02-23,sz.301004,39.1463539,39.6506975,38.4761078,39.1065373,1016125,59766302.62
2024-02-26,sz.301004,38.6088298,40.2014938,38.356658,39.7436029,1598335,95179775.75
2024-02-27,sz.301004,39.3454369,39.8497805,38.4163829,39.6307892,1213003,71658152.99
2024-02-28,sz.301004,39.6307892,41.1239117,37.294882,37.3678791,1758600,104233942.7
2024-02-29,sz.301004,37.1157073,38.024853,36.5118222,37.4408762,1943709,109002518.11
2024-03-01,sz.301004,37.6200509,37.7992256,36.7175413,37.4076957,1058168,59430959.44
2024-03-04,sz.301004,37.4408762,39.7900556,36.9166243,39.7900556,1860309,107826631.27
2024-03-05,sz.301004,39.484795,40.1815855,38.48938,38.9738153,1781000,105088832.81
2024-03-06,sz.301004,38.5159244,39.9426859,37.8788588,39.882961,1213100,71592506.0
2024-03-07,sz.301004,40.5532071,40.5598432,38.2172999,38.754824,1122600,66202163.0
2024-03-08,sz.301004,38.6751908,40.0621357,38.4960161,39.9957747,1086033,64950349.61
2024-03-11,sz.301004,40.015683,43.13465,39.1596261,43.1081056,2377975,150038308.76
2024-03-12,sz.301004,42.869206,45.12548,42.4511317,44.8467638,2091272,137951496.21
2024-03-13,sz.301004,44.6078642,45.855451,44.4817783,44.7405862,1438441,97852822.09
2024-03-14,sz.301004,44.594592,44.9794858,42.5639454,42.9090226,1452544,95085396.63
2024-03-15,sz.301004,43.1412861,43.4266384,41.8140661,42.5705815,949800,60810203.38
2024-03-18,sz.301004,42.3980429,43.1213778,41.80743,43.0152002,963341,61782008.37
2024-03-19,sz.301004,43.0218363,43.7119907,42.4245873,42.9488392,852728,55524264.13
2024-03-20,sz.301004,42.802845,44.2296065,42.6634869,43.2142832,810229,52818277.0
2024-03-21,sz.301004,43.1213778,43.13465,41.8605188,42.338318,881700,56318365.5
2024-03-22,sz.301004,42.2653209,42.6833952,41.4822611,42.139235,735041,46525926.02
2024-03-25,sz.301004,42.0994184,46.1076228,41.80743,44.8467638,1613800,108112895.0
2024-03-26,sz.301004,44.793675,45.5833709,43.7186268,44.793675,1052760,70523717.12
2024-03-27,sz.301004,45.258202,45.5634626,44.2694231,44.5481393,958498,64715178.74
2024-03-28,sz.301004,44.1632455,46.7115079,44.130065,46.585422,1773967,122273888.77
2024-03-29,sz.301004,46.3133419,46.9570436,44.7140418,46.519061,1433359,98694750.22
2024-04-01,sz.301004,44.9993941,46.651783,44.2362426,46.1607116,1573626,107763244.89
2024-04-02,sz.301004,46.1142589,50.168916,45.6630041,49.9167442,2405636,175547583.28
2024-04-03,sz.301004,49.638028,50.4078156,48.3638968,50.0693745,1535807,114369623.94
2024-04-08,sz.301004,49.77075,50.7197123,48.6625213,48.8284238,1111609,82461068.9
2024-04-09,sz.301004,48.5629798,51.7217634,48.5629798,50.8922509,1840480,138644997.02
2024-04-10,sz.301004,50.4011795,50.4277239,47.9391864,49.3526757,1300300,96470331.75
2024-04-11,sz.301004,49.9963774,50.43436,48.841696,49.903472,805395,60199144.5
2024-04-12,sz.301004,49.8437471,52.3521929,49.10714,51.5094082,1357929,103753823.4
2024-04-15,sz.301004,50.5803542,51.429775,48.6558852,50.5936264,1172427,88374789.97
2024-04-16,sz.301004,50.235277,52.292468,49.9831052,50.6865318,1124601,86623499.25
2024-04-17,sz.301004,50.4675405,52.292468,49.306223,49.638028,1439504,109332517.67
2024-04-18,sz.301004,48.6094325,49.3526757,46.2005282,48.1183611,2123245,153409786.04
2024-04-19,sz.301004,47.7931922,49.4190367,47.3419374,49.1403205,1445984,105492265.09
2024-04-22,sz.301004,49.0872317,51.0846978,48.1979943,50.699804,1396079,105265974.26
2024-04-23,sz.301004,50.0229218,51.0913339,48.8483321,51.0515173,1231800,93031189.0
2024-04-24,sz.301004,51.6885829,52.2592875,50.1490077,51.6155858,1040920,80471161.92
2024-04-25,sz.301004,51.6554024,52.292468,49.8702915,50.3547268,1027560,78905511.72
2024-04-26,sz.301004,51.76158,51.76158,47.846281,50.6201708,1479192,111982116.39
2024-04-29,sz.301004,50.6201708,51.4098667,48.9412375,51.2638725,1408088,105794719.8
2024-04-30,sz.301004,51.6385226,54.3635106,50.6847768,52.96695425,1447307,111792980.25
2024-05-06,sz.301004,53.137266,55.5216305,53.00782907,55.5216305,1463107,117024084.77
2024-05-07,sz.301004,55.5216305,56.87049956,54.9766329,55.39900604,1118300,91975888.0
2024-05-08,sz.301004,55.181007,58.94149044,54.6360094,55.74644201,1672600,139044545.48
2024-05-09,sz.301004,55.85544153,57.60624632,54.99025784,57.28606023,808900,67028745.0
2024-05-10,sz.301004,57.2928727,58.29430579,55.862254,57.89237006,804500,67390656.0
2024-05-13,sz.301004,57.42230963,64.037218,56.87049956,63.34915853,1782000,159121134.0
2024-05-14,sz.301004,62.4022252,67.28676619,61.40079211,63.91459354,1549830,145300502.6
2024-05-15,sz.301004,63.34234606,67.06195468,62.50441225,65.37927459,1334529,127788536.7
2024-05-16,sz.301004,64.71165253,65.31796236,60.03148564,60.48110866,2434535,221121276.7
2024-05-17,sz.301004,60.46067125,60.96479403,57.7016209,58.22618109,1631800,141078589.4
2024-05-20,sz.301004,57.62668373,59.38430099,56.48218877,58.93467797,1293600,109901631.9
2024-05-21,sz.301004,58.85292833,60.25629715,58.32155567,58.75755375,763300,66315325.0
2024-05-22,sz.301004,58.18530627,58.77799116,56.99312402,57.1566233,623129,52767909.22
2024-05-23,sz.301004,57.12937342,59.23442665,56.56393841,58.587242,747800,63386035.0
2024-05-24,sz.301004,58.32155567,59.64317485,57.14981083,58.73711634,845424,72744522.0
2024-05-27,sz.301004,58.73711634,59.45923816,57.224748,59.16630195,764800,65511473.0
2024-05-28,sz.301004,59.00280267,59.00280267,55.22188182,55.22188182,1582521,130858312.64
2024-05-29,sz.301004,54.27494849,55.46713074,53.65501372,54.5678847,1035500,82795524.0
2024-05-30,sz.301004,54.41119789,54.9766329,53.85257535,54.65644681,444900,35622176.0
2024-05-31,sz.301004,54.71775904,55.81456671,54.49976,54.77907127,456300,36889494.0
2024-06-03,sz.301004,54.49976,56.87731203,54.49976,55.60338014,624450,51294892.5
2024-06-04,sz.301004,55.67150484,58.07630675,55.03113266,57.43593457,1036600,86843756.0
2024-06-05,sz.301004,58.02180699,58.02180699,53.16451588,53.57326408,1323886,106430776.66
2024-06-06,sz.301004,53.6822636,55.3172564,53.10320365,54.11826168,876700,70182260.0
2024-06-07,sz.301004,54.81994609,55.06519501,53.09639118,53.32120269,560800,44199478.0
2024-06-11,sz.301004,52.92607943,56.8841245,52.68083051,55.85544153,1524000,124335773.0
2024-06-12,sz.301004,56.51625112,57.905995,54.69050916,55.36494369,768729,63282368.19
2024-06-13,sz.301004,55.36494369,57.55855903,54.67007175,56.543501,924200,76460894.38
2024-06-14,sz.301004,56.543501,59.37067605,55.99169093,58.64174176,990800,84859920.0
2024-06-17,sz.301004,58.49186742,60.630983,56.76831251,60.41979643,1101629,96300555.68
2024-06-18,sz.301004,59.89523624,63.355971,59.00961514,62.59978683,1012705,91643724.05
2024-06-19,sz.301004,62.73603623,65.39289953,61.53704151,63.5603451,1232300,115193668.0
2024-06-20,sz.301004,62.92678539,64.69802759,60.630983,61.18279307,1451152,133195341.94
2024-06-21,sz.301004,60.57648324,62.13653887,59.87479883,60.26310962,779230,69366511.8
2024-06-24,sz.301004,60.24948468,61.91853983,59.66361226,59.86117389,710740,62894834.0
2024-06-25,sz.301004,60.76041993,62.1297264,59.35023864,59.949736,808182,72190395.52
2024-06-26,sz.301004,59.18673936,62.32047556,59.18673936,62.04116429,658883,58957106.67
2024-06-27,sz.301004,61.993477,63.91459354,61.1078559,62.36816285,689700,63290741.0
2024-06-28,sz.301004,62.38178779,63.33553359,61.5847288,61.993477,524883,47995774.88
2024-07-01,sz.301004,61.50979163,64.68440265,61.50979163,64.11215517,691026,64772107.98
2024-07-02,sz.301004,63.74428179,64.70484006,58.62811682,58.7234914,1549168,137512268.48
2024-07-03,sz.301004,57.91280747,58.6553667,56.543501,58.12399404,1155700,97836029.0
2024-07-04,sz.301004,57.88555759,59.62273744,57.88555759,58.54636718,584749,50541555.55
2024-07-05,sz.301004,58.26705591,59.09817725,56.31187702,58.4509926,621130,52409224.8
2024-07-08,sz.301004,58.43736766,60.34485926,57.91280747,58.78480363,723000,62711627.2
2024-07-09,sz.301004,58.57361706,59.1322396,56.93862426,58.51230483,578039,49257206.67
2024-07-10,sz.301004,57.83105783,58.20574368,56.32550196,57.224748,533939,44719412.8
2024-07-11,sz.301004,57.43593457,59.77942425,57.43593457,59.27530147,836312,72047684.12
2024-07-12,sz.301004,58.60086694,59.6091125,58.0422444,58.5191173,324200,27903491.73
2024-07-15,sz.301004,57.66755855,60.31079691,55.5897552,59.71811202,1011912,87179073.48
2024-07-16,sz.301004,59.25486406,59.39792593,56.98631155,58.77799116,764212,65344475.68
2024-07-17,sz.301004,58.20574368,58.77799116,54.7041341,55.31044393,766563,63624595.76
2024-07-18,sz.301004,55.03794513,56.1347528,54.19319885,55.0447576,465200,37670693.0
2024-07-19,sz.301004,55.03113266,56.08706551,54.3635106,54.64282187,430199,34781928.2
2024-07-22,sz.301004,54.51338494,55.01069525,53.8866377,54.83357103,338299,27047689.51
2024-07-23,sz.301004,54.83357103,55.181007,52.78983003,52.78983003,516595,40463643.45
2024-07-24,sz.301004,52.78983003,53.0010166,51.8428967,52.1153955,360900,27719151.0
2024-07-25,sz.301004,55.24231923,57.06806119,54.06376192,54.62919693,1714400,139171659.56
2024-07-26,sz.301004,54.83357103,54.83357103,52.78983003,53.08276624,931805,73044876.34
2024-07-29,sz.301004,53.36888998,55.68512978,53.36207751,53.67545113,818716,65328929.92
2024-07-30,sz.301004,53.67545113,55.43306839,52.98057919,54.31582331,628336,50129515.36
2024-07-31,sz.301004,54.31582331,56.44131395,53.63457631,55.61019261,589843,47926453.9
2024-08-01,sz.301004,55.61700508,57.13618589,54.41119789,54.79950868,669935,54527063.75
2024-08-02,sz.301004,54.2272612,55.64425496,53.87301276,54.5678847,436700,35215090.0
2024-08-05,sz.301004,53.137266,56.68656287,52.68083051,54.58150964,740735,60266862.45
2024-08-06,sz.301004,54.4316353,55.6578799,54.15232403,54.84719597,474484,38152034.16
2024-08-07,sz.301004,54.89488326,55.41263098,54.2272612,54.75863386,261257,21006880.96
2024-08-08,sz.301004,53.818513,55.65106743,53.66863866,55.28319405,407100,32933395.0
2024-08-09,sz.301004,55.28319405,56.24375232,54.75863386,54.91532067,475625,38676602.52
2024-08-12,sz.301004,54.91532067,55.44669333,54.45888518,54.79950868,223700,18045672.0
2024-08-13,sz.301004,55.10606983,55.10606983,54.16594897,54.90169573,268893,21542910.19
2024-08-14,sz.301004,55.17419453,55.17419453,54.2272612,54.2272612,228536,18285968.68
2024-08-15,sz.301004,54.28176096,54.3635106,52.97376672,53.38932739,611000,47975352.0
2024-08-16,sz.301004,53.08957871,55.09925736,51.774772,54.7041341,1040683,81853781.65
2024-08-19,sz.301004,55.0447576,55.57613026,53.39613986,54.49976,680452,54145185.08
2024-08-20,sz.301004,53.818513,54.46569765,53.17132835,53.53238926,420211,33121997.04
2024-08-21,sz.301004,53.53238926,54.00926216,52.91245449,53.15089094,344300,26949005.0
2024-08-22,sz.301004,53.137266,53.67545113,52.456019,53.53238926,393900,30738282.0
2024-08-23,sz.301004,53.137266,54.2272612,52.85795473,54.19319885,392252,30846018.32
2024-08-26,sz.301004,54.19319885,55.3853811,52.61951828,55.00388278,537701,42921669.89
2024-08-27,sz.301004,54.83357103,57.14981083,54.21363626,56.46175136,534849,44103651.2
2024-08-28,sz.301004,56.2028775,57.01356143,55.86906647,56.46175136,300939,24924503.7
2024-08-29,sz.301004,56.18925256,60.21542233,56.12794033,59.44561322,753339,64587838.63
2024-08-30,sz.301004,59.3366137,60.2903595,58.4509926,59.41836334,537286,46834051.46
2024-09-02,sz.301004,59.37748852,62.58616189,58.81205351,61.57110386,1029330,92362301.4
2024-09-03,sz.301004,61.50297916,62.79734846,61.19641801,62.00028947,618050,56328799.5
2024-09-04,sz.301004,61.3803547,62.32728803,60.64460794,61.81635278,503193,45339306.7
2024-09-05,sz.301004,61.30541753,62.66791153,60.7672324,61.993477,520610,47011768.7
2024-09-06,sz.301004,62.24553839,62.24553839,61.25091777,61.3803547,321800,29134161.0
2024-09-09,sz.301004,60.87623192,61.47572928,58.9278655,59.30255135,746562,65381658.24
2024-09-10,sz.301004,59.27530147,59.49330051,57.98093217,58.69624152,538827,46296066.3
2024-09-11,sz.301004,58.58042953,60.50154607,58.56680459,60.1541101,461207,40562420.95
2024-09-12,sz.301004,60.29717197,61.9253523,59.66361226,61.01929379,484607,43371666.25
2024-09-13,sz.301004,60.9716065,61.993477,60.74679499,60.98523144,395436,35654081.72
2024-09-18,sz.301004,60.99885638,63.24697148,60.78766981,62.674724,590129,53735683.9
2024-09-19,sz.301004,62.87228563,63.32872112,61.31223,62.0616017,544200,49733968.0
2024-09-20,sz.301004,61.80954031,62.27278827,61.1078559,62.1297264,316600,28673795.0
2024-09-23,sz.301004,61.78229043,62.1297264,60.07236046,60.97841897,437300,39034124.0
2024-09-24,sz.301004,61.16916813,61.25091777,58.3828679,59.58186262,1023400,88981750.0
2024-09-25,sz.301004,59.949736,60.73317005,58.68942905,59.43880075,760500,66595963.0
2024-09-26,sz.301004,58.69624152,60.61054559,57.1566233,60.61054559,810100,69351264.0
2024-09-27,sz.301004,60.4947336,63.17203431,59.00280267,60.630983,1467800,130300686.15
2024-09-30,sz.301004,60.91710674,71.530935,60.67185782,71.24481126,2037270,196848185.32
2024-10-08,sz.301004,85.05368795,85.05368795,73.10461557,78.4115297,2256429,256206382.83
2024-10-09,sz.301004,73.24767744,74.95760741,66.21039593,66.23083334,1775517,184018134.08
2024-10-10,sz.301004,66.762206,72.17130718,66.762206,68.805947,1285600,131892008.0
2024-10-11,sz.301004,69.82100503,69.82100503,65.399712,66.080959,950562,93282782.58
2024-10-14,sz.301004,66.07414653,68.71057242,64.718465,67.62738969,876280,85968395.4
2024-10-15,sz.301004,67.15732926,70.50225203,66.43520744,68.1247,865800,87350309.0
2024-10-16,sz.301004,67.43664053,69.11932062,66.59189425,67.443453,622400,61837989.0
2024-10-17,sz.301004,67.33445348,71.17668656,67.33445348,69.50081894,1000639,102967907.25
2024-10-18,sz.301004,69.52806882,75.01891964,69.20107026,73.5065513,1244475,133140818.32
2024-10-21,sz.301004,74.255923,80.85720643,71.8715585,77.83928222,1412621,158611291.88
2024-10-22,sz.301004,78.2752803,78.2752803,75.82960357,77.1852851,766900,86638855.04
2024-10-23,sz.301004,76.97409853,79.00421459,76.41547599,77.43053402,678116,77656344.22
2024-10-24,sz.301004,77.3215345,83.112134,76.51085057,82.98269707,1030736,123146159.25
2024-10-25,sz.301004,84.64493975,84.64493975,81.2046424,82.94863472,680488,82827815.93
2024-10-28,sz.301004,82.48538676,85.155875,80.5233954,84.2021292,674100,82501706.0
2024-10-29,sz.301004,85.23081217,88.00348746,84.1340045,85.72131001,856500,108394610.48
2024-10-30,sz.301004,81.43626638,85.155875,76.299664,81.068393,1948880,228642573.39
2024-10-31,sz.301004,80.38033353,82.14476326,79.13365152,81.49757861,1028056,121167545.68
2024-11-01,sz.301004,81.48395367,81.49076614,79.024652,79.024652,638682,74898090.43
2024-11-04,sz.301004,78.343405,80.35989612,78.23440548,78.57502898,601238,69772628.68
2024-11-05,sz.301004,79.705899,79.89664816,75.89772827,78.80665296,902613,102993671.71
2024-11-06,sz.301004,78.80665296,80.33945871,77.66897047,79.31077574,916906,106444833.82
2024-11-07,sz.301004,75.618417,77.5259086,71.7353091,73.27492732,1895092,205999268.65
2024-11-08,sz.301004,72.47786833,74.15373595,72.13724483,72.52555562,1016837,108843425.53
2024-11-11,sz.301004,72.5528055,73.71773787,68.90813405,70.5771892,1775231,183633572.05
2024-11-12,sz.301004,70.5771892,72.45743092,70.53631438,72.31436905,1263630,132796557.0
2024-11-13,sz.301004,72.30074411,74.17417336,70.76793836,71.63312205,789569,83559667.56
2024-11-14,sz.301004,71.530935,73.35667696,70.89737529,71.49687265,1052456,111785288.62
2024-11-15,sz.301004,71.50368512,72.13724483,68.38357386,68.45169856,790511,80905931.89
2024-11-18,sz.301004,68.47894844,69.82100503,66.762206,67.58651487,623766,62487663.14
2024-11-19,sz.301004,67.67507698,71.36062325,67.58651487,71.34699831,914026,93561317.02
2024-11-20,sz.301004,71.35381078,72.81167936,70.25019064,71.17668656,746384,78138273.75
2024-11-21,sz.301004,70.84287553,71.67399687,69.73925539,70.67937625,459200,47567002.0
2024-11-22,sz.301004,70.37962757,72.64136761,69.06482086,69.06482086,670400,69965583.0
2024-11-25,sz.301004,69.07163333,70.5090645,66.08777147,66.90526787,724796,71858620.86
2024-11-26,sz.301004,66.87120552,67.82495132,65.399712,67.443453,620300,60991339.46
2024-11-27,sz.301004,67.2390789,67.63420216,65.45421176,66.55101943,590867,57380206.9
2024-11-28,sz.301004,66.44883238,69.1465705,64.86152687,67.8522012,934995,92648401.47
2024-11-29,sz.301004,67.50476523,69.8959422,67.50476523,69.48038153,657255,66491389.3
2024-12-02,sz.301004,69.48038153,70.16162853,67.77045156,68.3971988,920315,92835077.2
2024-12-03,sz.301004,68.38357386,68.39038633,66.53058202,67.11645444,617763,60913043.73
2024-12-04,sz.301004,67.09601703,68.98307122,66.45564485,67.16414173,762694,75983438.31
2024-12-05,sz.301004,66.79626835,67.81132638,66.20358346,67.27314125,378363,37222069.88
2024-12-06,sz.301004,67.5115777,70.168441,66.93933022,69.59619352,738546,74674499.25
2024-12-09,sz.301004,69.18063285,73.54061365,69.01713357,73.2340525,1182363,125289026.16
2024-12-10,sz.301004,74.93717,74.93717,71.8715585,72.20536953,854900,91579769.0
2024-12-11,sz.301004,72.19855706,72.50511821,70.86331294,71.46962277,455394,47783554.94
2024-12-12,sz.301004,72.00099543,74.09923619,70.97912493,73.13186545,619487,66240747.54
2024-12-13,sz.301004,73.08417816,73.08417816,69.8278175,69.8278175,629706,65518534.67
2024-12-16,sz.301004,69.73925539,72.5528055,69.24875755,71.82387121,888649,92830305.71
2024-12-17,sz.301004,71.54455994,73.72455034,70.4409398,70.65212637,452600,47713836.0
2024-12-18,sz.301004,70.65212637,75.61160453,70.37962757,73.92892444,860700,93000257.0
2024-12-19,sz.301004,73.92892444,77.44415896,72.72311725,77.3896592,889220,99186789.3
2024-12-20,sz.301004,76.3677887,78.77940308,75.16198151,76.15660213,665820,74893232.2
2024-12-23,sz.301004,75.618417,81.6133906,74.93717,81.14333017,1182447,136143444.25
2024-12-24,sz.301004,80.58470763,83.112134,77.1171604,78.4796544,1015617,117675940.2
2024-12-25,sz.301004,78.20034313,78.48646687,75.77510381,76.44953834,468763,52987663.4
2024-12-26,sz.301004,76.44953834,78.343405,75.63204194,77.85971963,448012,50754729.46
2024-12-27,sz.301004,77.8665321,78.20034313,75.67291676,75.96585297,509962,57361074.54
2024-12-30,sz.301004,75.9590405,80.37352106,75.9590405,78.28209277,648399,74880706.4
2024-12-31,sz.301004,78.28209277,79.2290261,77.37603426,78.78621555,541908,62339155.68
2025-01-02,sz.301004,78.69084097,78.89521507,74.26954794,74.93717,927132,102987296.77
2025-01-03,sz.301004,74.91673259,76.29285153,72.77761701,72.84574171,537250,58595771.0
2025-01-06,sz.301004,72.45743092,76.26560165,70.93143764,74.33086017,608000,66261569.0
2025-01-07,sz.301004,74.33086017,79.65821171,73.94936185,79.31077574,771752,88741617.0
2025-01-08,sz.301004,78.91565248,81.74964,77.7984074,81.44307885,796734,93826217.22
2025-01-09,sz.301004,81.39539156,84.1340045,79.26308845,83.01675942,880012,106119727.32
2025-01-10,sz.301004,82.430887,84.39287836,81.83138964,82.07663856,427199,51892593.8
2025-01-13,sz.301004,81.25914216,84.08631721,79.79446111,80.25770907,575200,69045871.0
2025-01-14,sz.301004,80.26452154,82.74426062,79.62414936,82.65569851,668670,80034283.1
2025-01-15,sz.301004,82.430887,83.75931865,79.705899,80.55064528,588900,70465259.0
2025-01-16,sz.301004,80.55064528,84.8152515,79.19496375,83.112134,668100,80670437.0
2025-01-17,sz.301004,83.03038436,86.518369,80.12145967,85.93930905,953600,117443931.0
2025-01-20,sz.301004,87.0633666,91.19172342,82.9758846,83.7252563,1415096,180069534.55
2025-01-21,sz.301004,82.35594983,85.54418579,82.17882561,83.97731769,752098,92327252.68
2025-01-22,sz.301004,83.96369275,84.76756421,80.7277695,82.0221388,743698,89421819.24
2025-01-23,sz.301004,82.30826254,83.41869515,78.39790476,82.2946376,950100,113011684.0
2025-01-24,sz.301004,81.05476806,82.67613592,78.69765344,79.01783953,816989,95938416.68
2025-01-27,sz.301004,79.66502418,84.91743855,79.21540116,84.03862992,1189662,144548396.74
2025-02-05,sz.301004,83.20069611,83.23475846,78.32978006,79.33802562,940100,110517475.0
2025-02-06,sz.301004,78.94290236,79.88983569,77.1171604,77.98234409,1010212,115611486.6
2025-02-07,sz.301004,77.99596903,79.1609014,76.72203714,77.85290716,915012,104478141.88
2025-02-10,sz.301004,77.92784433,78.71809085,75.61160453,77.06266064,765112,86118746.2
2025-02-11,sz.301004,76.99453594,78.21396807,76.51085057,77.45097143,531700,60566620.64
2025-02-12,sz.301004,77.45097143,77.98234409,75.90454074,77.08309805,529200,59800901.0
2025-02-13,sz.301004,77.08309805,77.36240932,75.6865417,75.78191628,384812,43161012.6
2025-02-14,sz.301004,75.44810525,76.17703954,74.93717,75.52304242,368600,40913167.0
2025-02-17,sz.301004,75.70697911,76.13616472,72.96836617,74.255923,803549,87694223.29
2025-02-18,sz.301004,74.3240477,76.69478726,73.65642564,75.88410333,759399,84464590.2
2025-02-19,sz.301004,76.19066448,76.29285153,74.90310765,75.62522947,448299,49750922.99
2025-02-20,sz.301004,75.618417,76.49722563,74.93717,75.08704434,429675,47812978.25
2025-02-21,sz.301004,75.16879398,75.2777935,71.3265609,72.4165561,1017594,108259790.68
2025-02-24,sz.301004,72.53918056,72.97517864,71.70805922,72.45743092,483700,51305427.0
2025-02-25,sz.301004,72.47786833,74.92354506,71.530935,72.38249375,692000,73780214.0
2025-02-26,sz.301004,71.89880838,73.56105106,71.41512301,72.1440573,425695,45121659.15
2025-02-27,sz.301004,71.84430862,73.78586257,71.530935,72.893429,537100,57375002.8
2025-02-28,sz.301004,72.55961797,73.90848703,71.530935,72.45061845,474227,50417112.69
2025-03-03,sz.301004,72.33480646,73.28173979,68.805947,69.59619352,1123800,117045200.0
2025-03-04,sz.301004,69.58938105,70.31831534,68.13151247,70.19569088,549400,56157798.0
2025-03-05,sz.301004,70.20250335,70.5771892,69.5553187,70.31831534,275827,28330769.09
2025-03-06,sz.301004,70.44775227,73.75180022,70.44775227,73.05011581,805619,85819151.8
2025-03-07,sz.301004,72.43699351,73.574676,70.6453139,70.86331294,751419,79282074.74
2025-03-10,sz.301004,70.99956234,71.70805922,67.79088897,68.84682182,753419,76332744.67
2025-03-11,sz.301004,68.15194988,68.15194988,65.72671056,66.88483046,789800,77243068.0
2025-03-12,sz.301004,66.85076811,67.54564005,66.08777147,66.10820888,584420,57115964.2
2025-03-13,sz.301004,66.16270864,66.4215825,63.5603451,63.9690933,855100,80791802.0
2025-03-14,sz.301004,64.12578011,69.06482086,64.12578011,67.96801319,1172062,115625210.74
2025-03-17,sz.301004,67.96801319,68.44488609,65.54958634,66.27852063,918500,89526670.0
2025-03-18,sz.301004,66.5578319,68.24732446,65.75396044,67.56607746,576200,56947734.0
2025-03-19,sz.301004,67.55926499,69.06482086,67.25270384,67.66145204,631400,63232449.07
2025-03-20,sz.301004,67.94076331,68.805947,67.36851583,68.50619832,480800,48143894.2
2025-03-21,sz.301004,68.50619832,69.11250815,65.7403355,66.40795756,650399,64141739.55
2025-03-24,sz.301004,66.39433262,68.42444868,64.62309042,65.57002375,834700,81197184.48
2025-03-25,sz.301004,65.78802279,66.2172084,65.02502615,65.59046116,488900,47082416.0
2025-03-26,sz.301004,65.59046116,67.9203259,65.14083814,67.69551439,620900,60915622.0
2025-03-27,sz.301004,67.90670096,70.73387601,67.01426739,68.67651007,856000,86863205.0
2025-03-28,sz.301004,68.68332254,69.487194,67.66826451,68.73100983,527162,53086002.88
2025-03-31,sz.301004,72.47105586,73.9152995,68.1928247,71.1903115,2261408,235146204.86
2025-04-01,sz.301004,71.01318728,71.19712397,68.67651007,68.99669616,1264200,129003734.0
2025-04-02,sz.301004,69.8278175,71.8715585,68.6696976,71.4628103,1226602,127145339.32
2025-04-03,sz.301004,69.31688225,69.32369472,63.60121992,64.037218,2080854,202221598.2
2025-04-07,sz.301004,55.862254,55.862254,51.2297744,51.2297744,1738398,132437400.52
2025-04-08,sz.301004,49.30865786,51.69983483,48.03472597,51.4341485,1947354,142115976.06
2025-04-09,sz.301004,49.049784,51.74752212,46.87660607,51.11396241,1561000,113012307.0
2025-04-10,sz.301004,55.09925736,58.98917773,55.07881995,57.5653715,1775830,149425107.1
2025-04-11,sz.301004,56.03937822,59.03686502,55.59656767,58.07630675,1368200,115371012.0
2025-04-14,sz.301004,58.587242,60.52879595,58.39649284,58.95511538,1028197,89347085.22
2025-04-15,sz.301004,58.95511538,59.24123912,57.224748,59.0641149,608400,52405865.0
2025-04-16,sz.301004,59.11861466,59.49330051,57.51087174,58.98917773,830951,71394835.22
2025-04-17,sz.301004,58.88699068,60.32442185,58.59405447,59.28892641,619910,54163791.55
2025-04-18,sz.301004,59.34342617,60.0859854,58.55317965,59.77942425,495600,43214817.0
2025-04-21,sz.301004,59.77261178,61.84360266,59.76579931,61.55066645,650855,58467923.8
2025-04-22,sz.301004,61.65966597,61.993477,60.6991077,61.6528535,645900,58195856.35
2025-04-23,sz.301004,62.34091297,67.15732926,62.34091297,65.76077291,1394374,132953585.18
2025-04-24,sz.301004,65.2634626,68.4653235,64.52090337,65.8765849,1195033,116343964.92
2025-04-25,sz.301004,65.81527267,66.48289473,65.05227603,65.5359614,621000,59889034.0
2025-04-28,sz.301004,65.93789713,66.89164293,65.31796236,66.75539353,697600,67682001.0
2025-04-29,sz.301004,66.55101943,69.46675659,65.9447096,68.34269904,951026,94414833.2
2025-04-30,sz.301004,68.11788753,69.74606786,67.9203259,69.16700791,847898,85657413.48
2025-05-06,sz.301004,69.2146952,70.16162853,67.7840765,69.487194,1102093,111512613.39
2025-05-07,sz.301004,69.60513681,70.42078362,68.30796357,69.39876834,1180453,83086940.65
2025-05-08,sz.301004,69.02533968,69.25136229,67.99349733,68.52415911,1005460,70128331.0
2025-05-09,sz.301004,68.77966293,69.56582853,68.1998658,68.2981365,612444,42925861.08
2025-05-12,sz.301004,69.43807662,72.720318,69.43807662,71.39366355,1470960,106094458.4
2025-05-13,sz.301004,73.51631067,78.30209376,73.2116715,76.05169473,2702883,208968054.06
2025-05-14,sz.301004,76.05169473,76.08117594,74.1943785,75.3736269,1186200,90484438.6
2025-05-15,sz.301004,75.1770855,76.09100301,73.5064836,74.42040111,875200,66595507.4
2025-05-16,sz.301004,73.93887468,74.5874613,72.9168594,73.75216035,921560,69085350.4
2025-05-19,sz.301004,73.62440844,74.66607786,71.74743807,72.49429539,851120,62941677.6
2025-05-20,sz.301004,72.10121259,73.68337086,72.06190431,72.98564889,767103,57108337.4
2025-05-21,sz.301004,72.71049093,74.7840027,72.3272352,74.27299506,822220,61597056.6
2025-05-22,sz.301004,73.8995664,74.1943785,72.10121259,72.3272352,776740,57828868.4
2025-05-23,sz.301004,71.89484412,72.720318,71.64916737,71.72778393,621574,45622873.2
2025-05-26,sz.301004,71.71795686,72.35671641,69.78202407,71.03988903,846460,61180770.4
2025-05-27,sz.301004,71.20694922,71.6393403,68.3964072,68.42588841,1017120,71660102.2
2025-05-28,sz.301004,68.32761771,70.50922725,68.32761771,70.11614445,942980,66678617.09
2025-05-29,sz.301004,70.6566333,71.16764094,68.94672312,69.34963299,1006217,71456434.69
2025-05-30,sz.301004,69.15309159,70.2635505,68.48485083,69.2808435,759196,53458817.0
2025-06-03,sz.301004,68.57329446,69.73288872,66.74545944,69.4773849,746381,52136501.85
2025-06-04,sz.301004,69.6739263,71.12833266,69.27101643,70.57801674,770544,55169028.22
2025-06-05,sz.301004,70.9514454,75.25570206,70.63697916,75.05916066,2131811,160755235.17
2025-06-06,sz.301004,75.55051416,75.55051416,71.26591164,72.97582182,1560551,115255249.49
2025-06-09,sz.301004,72.98564889,73.0151301,71.43297183,71.52141546,777380,56938479.6
2025-06-10,sz.301004,71.30521992,73.29028806,70.04735496,70.15545273,1250380,91153771.4
2025-06-11,sz.301004,69.79185114,72.00294189,69.60513681,71.94397947,956042,68983490.38
2025-06-12,sz.301004,71.94397947,71.95380654,69.97856547,70.72542279,993000,71558600.2
2025-06-13,sz.301004,70.6566333,71.74743807,69.58548267,70.2635505,757843,54301121.03
2025-06-16,sz.301004,69.64444509,70.56818967,68.5929486,69.68375337,765620,54325877.43
2025-06-17,sz.301004,69.74271579,71.33470113,68.67156516,68.93689605,914640,64837758.4
2025-06-18,sz.301004,68.78949,69.2808435,67.1188881,67.35473778,763182,52713121.4
2025-06-19,sz.301004,67.3154295,67.78712886,65.85119607,66.06739161,568532,38544994.16
2025-06-20,sz.301004,66.2344518,66.61770753,65.06503047,65.5465569,686560,45879618.2
2025-06-23,sz.301004,65.50724862,65.5465569,62.9915187,63.50252634,976172,63255793.37
2025-06-24,sz.301004,63.84647379,65.0552034,63.52218048,64.12163175,705316,46102556.72
2025-06-25,sz.301004,64.52454162,66.02808333,63.94474449,65.35984257,943766,62514085.64
2025-06-26,sz.301004,65.35984257,65.35984257,63.56148876,63.72854895,794480,51904590.2
2025-06-27,sz.301004,63.875955,65.14364703,63.43373685,64.39678971,733440,48112478.0
2025-06-30,sz.301004,64.39678971,66.0379104,64.33782729,65.08468461,969813,64337681.07
2025-07-01,sz.301004,65.08468461,68.96637726,65.08468461,68.56346739,1715305,118590288.55
2025-07-02,sz.301004,68.37675306,70.60749795,67.72816644,67.97384319,1473325,103853784.5
2025-07-03,sz.301004,68.0033244,74.30247627,68.0033244,73.07409252,2910232,213159014.06
2025-07-04,sz.301004,71.74743807,73.20184443,70.754904,71.74743807,1406440,103158790.24
2025-07-07,sz.301004,71.2462575,71.75726514,69.91960305,70.94161833,877660,63403852.6
2025-07-08,sz.301004,70.93179126,71.20694922,69.772197,70.66646037,973400,69708349.2
2025-07-09,sz.301004,70.754904,73.18219029,70.18493394,72.67118265,1126800,82770812.8
2025-07-10,sz.301004,72.69083679,72.69083679,70.01787375,70.754904,989280,71291853.4
2025-07-11,sz.301004,70.754904,70.754904,69.56582853,69.74271579,687580,48924946.0
2025-07-14,sz.301004,69.73288872,70.34216706,68.3964072,69.59530974,867580,61248935.6
2025-07-15,sz.301004,69.3791142,70.64680623,68.93689605,69.61496388,737372,52377780.44
2025-07-16,sz.301004,69.64444509,73.84060398,69.2808435,71.81622756,1474152,107430483.48
2025-07-17,sz.301004,71.77691928,71.77691928,69.772197,70.0670091,1234780,88412614.2
2025-07-18,sz.301004,70.05718203,71.2462575,69.772197,70.3618212,733040,52518542.2
2025-07-21,sz.301004,70.32251292,74.10593487,69.2808435,71.737611,1676260,122352118.18
2025-07-22,sz.301004,71.4427989,71.4427989,69.94908426,70.50922725,1058160,75989759.4
2025-07-23,sz.301004,70.50922725,74.93140875,70.13579859,73.32959634,2422860,180606830.78
2025-07-24,sz.301004,73.703025,73.94870175,72.04225017,73.65388965,1254260,93107151.6
2025-07-25,sz.301004,73.68337086,75.20656671,73.04461131,74.10593487,982460,74153979.8
2025-07-28,sz.301004,74.10593487,74.43022818,71.85553584,72.02259603,1138660,83829172.4
2025-07-29,sz.301004,72.02259603,72.3272352,70.8531747,71.13815973,663432,48080432.28
2025-07-30,sz.301004,71.12833266,71.4427989,70.13579859,70.54853553,717274,51559784.88
2025-07-31,sz.301004,70.27337757,70.4600919,68.1998658,68.4946779,981886,69160195.54
2025-08-01,sz.301004,69.06464796,70.05718203,67.15819638,67.75764765,1058090,73647211.2
2025-08-04,sz.301004,67.67903109,68.04263268,66.5292639,67.69868523,1014220,69421290.4
2025-08-05,sz.301004,67.7085123,68.97620433,67.57093332,67.97384319,688620,47710880.8
2025-08-06,sz.301004,67.97384319,68.08194096,67.1188881,67.98367026,665460,45880695.2
2025-08-07,sz.301004,68.2981365,71.39366355,67.93453491,69.0843021,1694479,120633846.7
2025-08-08,sz.301004,68.9860314,68.9860314,67.95418905,68.26865529,799055,55611262.65
2025-08-11,sz.301004,68.09176803,68.77966293,67.82643714,68.2981365,872500,60604023.19
2025-08-12,sz.301004,68.87793363,72.39602469,68.2981365,69.9687384,1969780,140843024.2
2025-08-13,sz.301004,69.9687384,71.06937024,69.59530974,70.8531747,1070856,76783651.18
2025-08-14,sz.301004,71.07919731,72.6220473,68.8877607,69.23170815,1153352,82595876.92
2025-08-15,sz.301004,68.99585847,69.81150528,68.5929486,68.80914414,1637016,115156946.36
2025-08-18,sz.301004,68.84845242,69.2808435,67.62006867,68.12124924,2142320,148734432.6
2025-08-19,sz.301004,68.09176803,68.11142217,67.12871517,67.49231676,1579857,108530655.86
2025-08-20,sz.301004,67.5119709,68.09176803,67.12871517,68.08194096,1095683,75445885.68
2025-08-21,sz.301004,68.0033244,69.4773849,67.82643714,68.24900115,1560760,109007366.8
2025-08-22,sz.301004,68.3964072,68.68139223,67.83626421,68.34727185,1043982,72378795.92
2025-08-25,sz.301004,68.37675306,68.56346739,66.08704575,66.7258053,3833637,259881768.11
2025-08-26,sz.301004,66.67666995,66.67666995,65.4482862,65.72344416,2049080,137310530.16
2025-08-27,sz.301004,65.841369,66.08704575,64.7603913,64.87831614,1894095,126168142.25
2025-08-28,sz.301004,64.54419576,65.17312824,60.98679642,62.6967066,3096887,197797173.48
2025-08-29,sz.301004,61.04575884,64.78987251,60.3382098,64.44592506,3570682,228371208.11
2025-09-01,sz.301004,63.6794136,64.0724964,62.74584195,62.80480437,1682804,108245588.76
2025-09-02,sz.301004,62.83428558,64.7603913,62.31345087,63.02099991,1836696,118596120.18
2025-09-03,sz.301004,63.15857889,63.39442857,61.1243754,61.57642062,1352079,85340680.59
2025-09-04,sz.301004,61.40936043,62.11690947,60.85904451,61.95967635,1207287,75567184.11
2025-09-05,sz.301004,62.14639068,63.56148876,61.4191875,63.13892475,1108800,71064961.8
2025-09-08,sz.301004,63.13892475,63.4828722,61.97933049,62.54930055,1460180,93182750.0
2025-09-09,sz.301004,62.7949773,63.43373685,61.87123272,62.42154864,982131,62426074.67
2025-09-10,sz.301004,62.13656361,62.77532316,61.4191875,62.50999227,930140,58765257.94
2025-09-11,sz.301004,62.50999227,63.6794136,61.42901457,63.29615787,1583303,101272596.66
2025-09-12,sz.301004,63.29615787,63.5811429,62.78515023,62.9915187,949360,60970464.54
2025-09-15,sz.301004,62.90307507,62.90307507,61.1243754,61.14402954,1432775,90120110.08
2025-09-16,sz.301004,61.19316489,61.910541,60.98679642,61.64521011,607937,38040482.17
2025-09-17,sz.301004,61.7139996,62.87359386,61.4191875,62.16604482,942760,59733837.6
2025-09-18,sz.301004,62.34293208,64.4655792,61.37987922,61.94002221,2035332,130414539.0
2025-09-19,sz.301004,61.85157858,62.44120278,61.28160852,62.01863877,951020,59889813.0
2025-09-22,sz.301004,62.01863877,62.3036238,60.4364805,60.69198432,1263160,78254630.1
2025-09-23,sz.301004,60.69198432,60.69198432,58.7658786,59.67979611,956780,57844470.6
2025-09-24,sz.301004,59.5520442,60.09253305,59.14913433,59.39481108,834823,50530441.38
2025-09-25,sz.301004,59.31619452,59.89599165,58.68726204,59.54221713,978700,59076192.2
2025-09-26,sz.301004,59.40463815,59.54221713,58.85432223,59.00172828,516480,31049564.2
2025-09-29,sz.301004,59.12948019,59.945127,58.25487096,59.73875853,837034,50574550.22
2025-09-30,sz.301004,59.73875853,60.8295633,59.5520442,60.69198432,840882,51490419.18
2025-10-09,sz.301004,60.68215725,60.91800693,59.96478114,60.0433977,598309,36641319.5
2025-10-10,sz.301004,60.05322477,61.38970629,60.0433977,60.51509706,659892,40819026.16
2025-10-13,sz.301004,57.98954007,59.4537735,57.98954007,58.18608147,1017218,60464878.74
2025-10-14,sz.301004,58.42193115,58.96242,56.3091111,56.8004646,946460,55620761.6
2025-10-15,sz.301004,56.8987353,57.84213402,56.1125697,57.32129931,905969,52606226.29
2025-10-16,sz.301004,57.32129931,58.1762544,56.72184804,57.00683307,641259,37403777.67
2025-10-17,sz.301004,56.997006,57.03631428,56.014299,56.25997575,667566,38274523.72
2025-10-20,sz.301004,56.76,57.16,56.31,56.7,519936,29454822.72
2025-10-21,sz.301004,56.71,57.25,56.4,57.18,477398,27218431.06
2025-10-22,sz.301004,57.14,57.5,56.8,57.35,357637,20490515.36
2025-10-23,sz.301004,57.44,57.44,56.46,57.14,519000,29526151.4
2025-10-24,sz.301004,56.91,57.84,56.91,57.48,610397,35080234.63
2025-10-27,sz.301004,57.98,58.92,57.55,58.28,871640,50838129.6
2025-10-28,sz.301004,58.28,59.36,57.92,58.29,924740,54317182.33
2025-10-29,sz.301004,54.98,58.14,52.88,57.9,3253512,181222818.27
2025-10-30,sz.301004,57.35,60.15,56.61,58.67,2071575,121779865.38
2025-10-31,sz.301004,58.58,58.87,57.1,57.38,1290820,74284606.74
2025-11-03,sz.301004,57.38,57.38,55.71,57.11,890630,50228238.7
2025-11-04,sz.301004,57.06,57.06,55.8,55.89,491880,27680903.4
2025-11-05,sz.301004,55.81,56.77,55.39,56.27,421700,23678087.8
2025-11-06,sz.301004,56.1,56.45,55.27,55.3,625761,34891642.51
2025-11-07,sz.301004,55.5,55.54,54.26,54.47,658797,36156204.1
2025-11-10,sz.301004,54.54,55.1,54.4,54.86,559980,30706171.6
2025-11-11,sz.301004,55.1,55.24,54.69,55.1,310735,17083047.3
2025-11-12,sz.301004,55.1,58.45,54.99,57.65,1437570,81987165.6
2025-11-13,sz.301004,57.63,57.98,57.05,57.4,660820,37976872.8
2025-11-14,sz.301004,57.16,60.21,57.16,58.65,1700331,100533832.33
2025-11-17,sz.301004,59.1,59.55,57.71,58.15,794160,46358519.0
2025-11-18,sz.301004,58.32,58.48,57.5,57.7,485420,28095911.0
2025-11-19,sz.301004,57.58,59.19,57.53,58.87,725507,42333511.3
2025-11-20,sz.301004,58.7,59.47,58.05,58.28,975924,57316267.48
2025-11-21,sz.301004,58.01,58.21,56.07,56.27,866960,49405832.8
2025-11-24,sz.301004,56.27,56.58,55.7,55.73,430000,24105761.6
2025-11-25,sz.301004,56.0,57.01,55.76,56.01,593978,33493233.8
2025-11-26,sz.301004,56.01,56.8,55.5,55.65,460800,25801804.2
2025-11-27,sz.301004,55.99,56.89,55.5,56.22,660998,37297968.86
2025-11-28,sz.301004,56.17,56.5,55.3,56.22,460520,25746149.6
2025-12-01,sz.301004,56.22,57.43,55.92,56.98,670118,38111795.26
2025-12-02,sz.301004,56.98,57.5,56.01,56.06,356000,20108107.2
2025-12-03,sz.301004,56.04,56.77,55.76,56.26,373820,21093637.8
2025-12-04,sz.301004,56.28,56.55,55.22,55.35,454860,25337197.4
2025-12-05,sz.301004,55.35,55.62,54.2,54.7,532400,29074622.2
2025-12-08,sz.301004,54.71,54.98,54.32,54.48,413730,22575606.2
2025-12-09,sz.301004,54.48,54.72,53.01,53.13,514941,27704054.26
2025-12-10,sz.301004,53.3,53.74,52.97,53.3,410100,21884077.6
2025-12-11,sz.301004,53.45,54.6,53.06,53.24,554532,29773920.0
2025-12-12,sz.301004,53.24,53.6,52.88,52.97,753490,40038045.5
2025-12-15,sz.301004,52.67,53.15,52.3,52.34,457900,24134685.0
2025-12-16,sz.301004,52.33,52.39,50.63,51.09,754140,38666542.0
2025-12-17,sz.301004,50.9,51.95,50.9,51.8,494810,25470727.06
2025-12-18,sz.301004,51.79,52.05,51.25,51.82,305708,15801372.4
2025-12-19,sz.301004,51.98,52.26,51.66,52.19,345786,18004801.68
2025-12-22,sz.301004,52.29,52.29,51.06,51.27,823906,42477077.28
2025-12-23,sz.301004,51.3,51.59,50.28,50.75,633990,32264640.76
2025-12-24,sz.301004,50.75,51.39,50.52,51.23,397166,20329208.94
2025-12-25,sz.301004,51.28,51.41,50.62,51.13,419540,21433589.4
2025-12-26,sz.301004,51.12,51.21,50.6,50.67,403320,20488281.0
2025-12-29,sz.301004,50.68,52.0,50.37,51.67,685326,35228782.3
2025-12-30,sz.301004,51.88,52.82,51.39,52.34,718026,37553518.52
2025-12-31,sz.301004,52.42,52.75,51.7,52.05,723806,37862214.96
2026-01-05,sz.301004,51.91,52.51,51.72,52.3,530590,27673248.58
2026-01-06,sz.301004,52.3,52.75,52.0,52.46,629674,32966426.29
2026-01-07,sz.301004,52.48,52.65,51.52,51.57,589223,30634376.31
2026-01-08,sz.301004,51.56,51.96,51.27,51.46,498271,25737911.76
2026-01-09,sz.301004,51.4,52.05,51.26,51.97,734828,37911073.34
2026-01-12,sz.301004,51.97,52.99,51.5,52.98,1025847,53573486.68
2026-01-13,sz.301004,53.16,54.37,52.61,52.86,945605,50483046.03
2026-01-14,sz.301004,52.79,53.54,52.01,52.43,727851,38393579.42
2026-01-15,sz.301004,52.27,53.47,52.0,53.1,672642,35474359.57
2026-01-16,sz.301004,53.11,53.43,52.72,53.3,700039,37179297.41
2026-01-19,sz.301004,53.6,53.68,52.71,52.83,582733,30893646.4
2026-01-20,sz.301004,52.82,53.07,51.82,52.15,572246,29901147.07
2026-01-21,sz.301004,52.33,52.38,51.54,51.85,449886,23399631.99
2026-01-22,sz.301004,51.85,51.94,50.5,50.79,896194,45736436.78
2026-01-23,sz.301004,50.79,51.3,50.51,51.09,707520,36005946.6
2026-01-26,sz.301004,51.19,51.2,49.65,49.8,1021153,51144127.64
2026-01-27,sz.301004,49.81,49.95,48.08,49.19,912488,44445104.86
2026-01-28,sz.301004,49.3,49.3,48.12,48.29,557440,27046812.0
2026-01-29,sz.301004,48.28,48.76,48.01,48.22,600775,29044836.08
2026-01-30,sz.301004,48.19,49.0,48.12,48.59,624590,30353611.3
2026-02-02,sz.301004,48.7,49.56,47.87,47.95,788239,38394851.56
2026-02-03,sz.301004,48.18,48.68,48.0,48.5,487477,23584071.95
2026-02-04,sz.301004,48.5,50.13,48.22,49.81,940480,46334909.22
2026-02-05,sz.301004,49.56,51.94,49.56,51.85,1451869,74419880.87
2026-02-06,sz.301004,51.58,57.5,51.06,56.27,3505114,192729729.83
2026-02-09,sz.301004,57.45,58.27,55.75,56.54,2124589,120443402.01
2026-02-10,sz.301004,56.53,60.79,56.53,60.47,3608608,215008317.0
2026-02-11,sz.301004,60.49,63.77,59.68,61.83,2834965,176781205.37
2026-02-12,sz.301004,61.53,62.56,59.88,61.67,2813392,172004346.54
2026-02-13,sz.301004,61.7,61.9,59.93,60.0,1154020,70026242.2
2026-02-24,sz.301004,60.0,61.65,58.35,61.09,1745787,105910076.1
2026-02-25,sz.301004,61.08,61.98,58.91,59.64,1473041,88225424.31
2026-02-26,sz.301004,59.63,59.8,58.3,58.52,902770,53100516.73
2026-02-27,sz.301004,58.56,60.2,58.11,59.95,1348326,79817523.42
2026-03-02,sz.301004,59.55,59.88,57.8,58.84,969340,56773886.0
2026-03-03,sz.301004,59.0,59.18,57.46,57.77,743415,43201143.83
2026-03-04,sz.301004,58.16,60.64,57.01,57.29,1580460,93103061.84
2026-03-05,sz.301004,57.39,58.0,53.82,54.39,1863240,104003844.0
2026-03-06,sz.301004,54.02,54.96,53.7,54.37,856526,46531910.79
